Iteration	CPUTime	PhysTime	Travels	Value	AvValue	MinValue	MaxValue	Delta	Criteria	Progress	dGMaxMin	CriteriaType	CriteriaVarType	CriteriaPercentage
1	0	0	0.0025	0.0295570623	0.0295570623	0.0295570623	0.0295570623	0	0	0	0.03	0	0	3
5	0	0	0.0125	0.0283619671	0.0289595147	0.0283619671	0.0295570623	0.000597547648	0	0	0.0300015	0	0	3
10	0	0	0.025	0.0273120979	0.0284103758	0.0273120979	0.0295570623	0.00114668658	0	0	0.0300016	0	0	3
15	0	0	0.0375	0.026441924	0.0279182628	0.026441924	0.0295570623	0.00163879953	0	0	0.0300388	0	0	3
20	0	0	0.05	0.0256806899	0.0274707482	0.0256806899	0.0295570623	0.00208631412	0	0	0.0301037	0	0	3
25	0	0	0.0625	0.025020754	0.0270624159	0.025020754	0.0295570623	0.0024946465	0	0	0.0301509	0	0	3
30	1	0	0.075	0.0244469008	0.0266887708	0.0244469008	0.0295570623	0.00286829151	0	0	0.0301708	0	0	3
35	1	0	0.0875	0.0239440031	0.0263456749	0.0239440031	0.0295570623	0.00321138747	0	0	0.0302348	0	0	3
40	1	0	0.1	0.0235021772	0.0260297307	0.0235021772	0.0295570623	0.00352733166	0	0	0.0302945	0	0	3
45	1	0	0.1125	0.0231127934	0.025738037	0.0231127934	0.0295570623	0.00381902538	0	0	0.0302689	0	0	3
50	1	0	0.125	0.0227554727	0.0254668948	0.0227554727	0.0295570623	0.00409016759	0	0	0.0302424	0	0	3
55	1	0	0.1375	0.0224201521	0.0252129995	0.0224201521	0.0295570623	0.00434406282	0	0	0.0303108	0	0	3
60	1	0	0.15	0.0220984296	0.0249734172	0.0220984296	0.0295570623	0.00458364512	0	0	0.0303494	0	0	3
65	1	0	0.1625	0.0217903544	0.0247460556	0.0217903544	0.0295570623	0.00481100675	0	0	0.0303538	0	0	3
70	2	0	0.175	0.0214921675	0.0245291297	0.0214921675	0.0295570623	0.00502793262	0	0	0.0303226	0	0	3
75	2	0	0.1875	0.0212051137	0.0243213787	0.0212051137	0.0295570623	0.00523568363	0	0	0.0302583	0	0	3
80	2	0	0.2	0.0209299687	0.024121884	0.0209299687	0.0295570623	0.00543517834	0	0	0.0301944	0	0	3
85	2	0	0.2125	0.0206662732	0.0239299056	0.0206662732	0.0295570623	0.00562715671	0	0	0.0301415	0	0	3
90	2	0	0.225	0.0204114111	0.0237447217	0.0204114111	0.0295570623	0.00581234063	0	0	0.030113	0	0	3
95	2	0	0.2375	0.0201611427	0.0235655428	0.0201611427	0.0295570623	0.00599151958	0	0	0.0301189	0	0	3
100	2	0	0.25	0.0199112056	0.0233915267	0.0199112056	0.0295570623	0.00616553564	0	0	0.0301423	0	0	3
105	2	0	0.2625	0.0196582776	0.0232218336	0.0196582776	0.0295570623	0.00633522878	0	0	0.0301724	0	0	3
110	3	0	0.275	0.0193999575	0.023055665	0.0193999575	0.0295570623	0.00650139731	0	0	0.0302077	0	0	3
115	3	0	0.2875	0.0191343683	0.0228922777	0.0191343683	0.0295570623	0.00666478467	0	0	0.0302469	0	0	3
120	3	0	0.3	0.0188601226	0.0227309915	0.0188601226	0.0295570623	0.00682607087	0	0	0.0302893	0	0	3
125	3	0	0.3125	0.0185752384	0.0225711548	0.0185752384	0.0295570623	0.00698590753	0	0	0.0303338	0	0	3
130	3	0	0.325	0.0182770654	0.0224121145	0.0182770654	0.0295570623	0.00714494788	0	0	0.0303776	0	0	3
135	3	0	0.3375	0.0179632491	0.0222532264	0.0179632491	0.0295570623	0.00730383593	0	0	0.0304125	0	0	3
140	3	0	0.35	0.0176301304	0.0220938093	0.0176301304	0.0295570623	0.00746325303	0	0	0.0304352	0	0	3
145	3	0	0.3625	0.0172737035	0.0219331391	0.0172737035	0.0295570623	0.00762392323	0	0	0.0304432	0	0	3
150	4	0	0.375	0.0168888666	0.0217704206	0.0168888666	0.0295570623	0.0077866417	0	0	0.0304324	0	0	3
155	4	0	0.3875	0.016470924	0.0216048114	0.016470924	0.0295570623	0.00795225097	0	0	0.0303977	0	0	3
160	4	0	0.4	0.0160178165	0.0214355085	0.0160178165	0.0295570623	0.00812155385	0	0	0.0303328	0	0	3
165	4	0	0.4125	0.015532652	0.0212618951	0.015532652	0.0295570623	0.00829516727	0	0	0.0302317	0	0	3
170	4	0	0.425	0.0150235958	0.021083658	0.0150235958	0.0295570623	0.00847340439	0	0	0.0300896	0	0	3
175	4	0	0.4375	0.0145023842	0.0209008448	0.0145023842	0.0295570623	0.00865621756	0	0	0.0300528	0	0	3
180	4	0	0.45	0.0139786864	0.0207137594	0.0139786864	0.0295570623	0.00884330292	0	0	0.0300754	0	0	3
185	4	0	0.4625	0.0134606992	0.0205228894	0.0134606992	0.0295570623	0.00903417292	0	0	0.030103	0	0	3
190	5	0	0.475	0.0129564303	0.0203288777	0.0129564303	0.0295570623	0.0092281847	0	0	0.0301366	0	0	3
195	5	0	0.4875	0.0124697221	0.0201323988	0.0124697221	0.0295570623	0.00942466358	0	0	0.0301775	0	0	3
200	5	0	0.5	0.0120014268	0.0199340824	0.0120014268	0.0295570623	0.00962297997	0	0	0.0302255	0	0	3
205	5	0	0.5125	0.0115506941	0.0194949027	0.0115506941	0.0283619671	0.00946461204	0	0	0.0302798	0	0	3
210	5	0	0.525	0.011115784	0.0188683182	0.011115784	0.026441924	0.00904994461	0	0	0.0303389	0	0	3
215	5	0	0.5375	0.0106960766	0.018474672	0.0106960766	0.0256806899	0.00899607621	0	0	0.0304005	0	0	3
220	5	0	0.55	0.0102925377	0.0180899682	0.0102925377	0.025020754	0.00897244763	0	0	0.0304607	0	0	3
225	5	0	0.5625	0.00990561325	0.0177120897	0.00990561325	0.0244469008	0.00897668114	0	0	0.0305071	0	0	3
230	6	0	0.575	0.00953648758	0.0175126848	0.00953648758	0.0244469008	0.00917608607	0	0	0.0305303	0	0	3
235	6	0	0.5875	0.00918699995	0.0169704043	0.00918699995	0.0235021772	0.0090593264	0	0	0.0305224	0	0	3
240	6	0	0.6	0.00885886493	0.0166043215	0.00885886493	0.0231127934	0.00913371548	0	0	0.0304825	0	0	3
245	6	0	0.6125	0.00855344468	0.0162403378	0.00855344468	0.0227554727	0.00922655699	0	0	0.0304148	0	0	3
250	6	0	0.625	0.00827033729	0.0158782094	0.00827033729	0.0224201521	0.00933479015	0	0	0.0303164	0	0	3
255	6	0	0.6375	0.00800233104	0.0156861148	0.00800233104	0.0224201521	0.00952688475	0	0	0.0302791	0	0	3
260	6	0	0.65	0.0077418765	0.01515885	0.0077418765	0.0217903544	0.00958720557	0	0	0.0302999	0	0	3
265	6	0	0.6625	0.00748593613	0.0148012396	0.00748593613	0.0214921675	0.00972789015	0	0	0.0303219	0	0	3
270	6	0	0.675	0.00723636195	0.0144448444	0.00723636195	0.0212051137	0.00987653429	0	0	0.030345	0	0	3
275	7	0	0.6875	0.00699472438	0.0140895847	0.00699472438	0.0209299687	0.0100322993	0	0	0.0303686	0	0	3
280	7	0	0.7	0.00676108036	0.0139108407	0.00676108036	0.0209299687	0.0102110433	0	0	0.0303934	0	0	3
285	7	0	0.7125	0.00652936473	0.0133819398	0.00652936473	0.0204114111	0.0103627819	0	0	0.0304206	0	0	3
290	7	0	0.725	0.00629957779	0.0130291439	0.00629957779	0.0201611427	0.0105363988	0	0	0.0304504	0	0	3
295	7	0	0.7375	0.00607297134	0.0126769397	0.00607297134	0.0199112056	0.010714587	0	0	0.0304829	0	0	3
300	7	0	0.75	0.00585153379	0.0123254479	0.00585153379	0.0196582776	0.0108963857	0	0	0.0305161	0	0	3
305	7	0	0.7625	0.00563585581	0.0121622871	0.00563585581	0.0196582776	0.0110595465	0	0	0.0305358	0	0	3
310	8	0	0.775	0.00542625696	0.0116255448	0.00542625696	0.0191343683	0.0112667329	0	0	0.0305173	0	0	3
315	8	0	0.7875	0.0052235561	0.0112777745	0.0052235561	0.0188601226	0.011453217	0	0	0.0304545	0	0	3
320	8	0	0.8	0.00502851008	0.0109319842	0.00502851008	0.0185752384	0.0116391706	0	0	0.0303477	0	0	3
325	8	0	0.8125	0.0048404524	0.0105886145	0.0048404524	0.0182770654	0.0118234999	0	0	0.0301982	0	0	3
330	8	0	0.825	0.00465937234	0.0104439989	0.00465937234	0.0182770654	0.0119681156	0	0	0.0300065	0	0	3
335	8	0	0.8375	0.00448787878	0.00991128796	0.00448787878	0.0176301304	0.0121825214	0	0	0.0299281	0	0	3
340	8	0	0.85	0.0043257516	0.00957867849	0.0043257516	0.0172737035	0.0123544606	0	0	0.0298856	0	0	3
345	8	0	0.8625	0.00417166554	0.00925112754	0.00417166554	0.0168888666	0.0125192931	0	0	0.029833	0	0	3
350	8	0	0.875	0.00402406939	0.00892950761	0.00402406939	0.016470924	0.0124468546	0	0	0.029768	0	0	3
355	9	0	0.8875	0.00388511996	0.00880647377	0.00388511996	0.016470924	0.012585804	0	0	0.0296883	0	0	3
360	9	0	0.9	0.00375229179	0.00830822439	0.00375229179	0.015532652	0.0117803602	0	0	0.0295923	0	0	3
365	9	0	0.9125	0.00362543465	0.00801054396	0.00362543465	0.0150235958	0.0113981612	0	0	0.0295341	0	0	3
370	9	0	0.925	0.00350469259	0.00772257138	0.00350469259	0.0145023842	0.0109976916	0	0	0.0294995	0	0	3
375	9	0	0.9375	0.00338983706	0.0074447577	0.00338983706	0.0139786864	0.0105888494	0	0	0.0294604	0	0	3
380	9	0	0.95	0.00328054667	0.00734319158	0.00328054667	0.0139786864	0.0106981398	0	0	0.0294164	0	0	3
385	9	0	0.9625	0.0031764759	0.00692019862	0.0031764759	0.0129564303	0.00977995439	0	0	0.0293674	0	0	3
390	9	0	0.975	0.00307739513	0.00667322275	0.00307739513	0.0124697221	0.00939232699	0	0	0.0293129	0	0	3
395	10	0	0.9875	0.00298313117	0.00643605797	0.00298313117	0.0120014268	0.00901829563	0	0	0.0292527	0	0	3
400	10	0	1	0.00289351746	0.00620836024	0.00289351746	0.0115506941	0.00865717664	0.00382026744	0	0.029185	0	0	3
405	10	0	1.0125	0.0028082956	0.00598980028	0.0028082956	0.011115784	0.00830748844	0.00382026744	0	0.0291165	0	0	3
410	10	0	1.025	0.00272711725	0.00591022264	0.00272711725	0.011115784	0.00838866679	0.00382026744	0	0.0291014	0	0	3
415	10	0	1.0375	0.00264951052	0.00557891946	0.00264951052	0.0102925377	0.00764302719	0.00382026744	0	0.0290952	0	0	3
420	10	0	1.05	0.00257506823	0.00538598272	0.00257506823	0.00990561325	0.00733054502	0.00382026744	0	0.0290928	0	0	3
425	10	0	1.0625	0.00250341778	0.00520092783	0.00250341778	0.00953648758	0.0070330698	0.00382026744	0	0.0290901	0	0	3
430	10	0	1.075	0.00243412906	0.00502336887	0.00243412906	0.00918699995	0.00675287088	0.00382026744	0	0.0290872	0	0	3
435	11	0	1.0875	0.00236680156	0.00495857454	0.00236680156	0.00918699995	0.00682019839	0.00382026744	0	0.029084	0	0	3
440	11	0	1.1	0.00230204269	0.00468894335	0.00230204269	0.00855344468	0.00625140198	0.00382026744	0	0.0290805	0	0	3
445	11	0	1.1125	0.00224045013	0.00453111849	0.00224045013	0.00827033729	0.00602988716	0.00382026744	0	0.0290766	0	0	3
450	11	0	1.125	0.00218170475	0.00437890268	0.00218170475	0.00800233104	0.00582062629	0.00382026744	0	0.0290721	0	0	3
455	11	0	1.1375	0.00212533612	0.0042319778	0.00212533612	0.0077418765	0.00561654038	0.00382026744	0	0.0290669	0	0	3
460	11	0	1.15	0.00207121016	0.00417927615	0.00207121016	0.0077418765	0.00567066634	0.00382026744	0	0.0290611	0	0	3
465	11	0	1.1625	0.00201930713	0.00395354542	0.00201930713	0.00723636195	0.00521705482	0.00382026744	0	0.0290546	0	0	3
470	11	0	1.175	0.00196946561	0.00382187301	0.00196946561	0.00699472438	0.00502525878	0.00382026744	0	0.0290471	0	0	3
475	11	0	1.1875	0.00192141853	0.00369504036	0.00192141853	0.00676108036	0.00483966183	0.00382026744	0	0.0290388	0	0	3
480	12	0	1.2	0.0018749269	0.00357288653	0.0018749269	0.00652936473	0.00465443783	0.00382026744	0	0.0290287	0	0	3
485	12	0	1.2125	0.001829906	0.00353037481	0.001829906	0.00652936473	0.00469945873	0.00382026744	0	0.0290161	0	0	3
490	12	0	1.225	0.00178620137	0.00334256565	0.00178620137	0.00607297134	0.00428676997	0.00382026744	0	0.0290007	0	0	3
495	12	0	1.2375	0.00174353935	0.00323432985	0.00174353935	0.00585153379	0.00410799444	0.00382026744	0	0.0289825	0	0	3
500	12	0	1.25	0.00170176757	0.00313058569	0.00170176757	0.00563585581	0.00393408824	0.00382026744	0	0.0289613	0	0	3
505	12	0	1.2625	0.00166070821	0.003031207	0.00166070821	0.00542625696	0.00376554875	0.00382026744	0	0.0289369	0	0	3
510	12	0	1.275	0.0016202087	0.00299679241	0.0016202087	0.00542625696	0.00380604826	0.00382026744	0	0.028909	0	0	3
515	12	0	1.2875	0.00158019152	0.00284497168	0.00158019152	0.00502851008	0.00344831856	0.00382026744	0	0.0288777	0	0	3
520	13	0	1.3	0.00154062681	0.0027577746	0.00154062681	0.0048404524	0.00329982559	0.00382026744	0	0.0288428	0	0	3
525	13	0	1.3125	0.00150146785	0.00267429999	0.00150146785	0.00465937234	0.00315790449	0.00382026744	0	0.028804	0	0	3
530	13	0	1.325	0.00146271194	0.00259438348	0.00146271194	0.00448787878	0.00302516684	0.00382026744	0	0.0287616	0	0	3
535	13	0	1.3375	0.00142448264	0.00256584931	0.00142448264	0.00448787878	0.00306339613	0.00382026744	0	0.0287146	0	0	3
540	13	0	1.35	0.00138678047	0.00244432429	0.00138678047	0.00417166554	0.00278488507	0.00382026744	0	0.0286607	0	0	3
545	13	0	1.3625	0.00134956525	0.00237377179	0.00134956525	0.00402406939	0.00267450414	0.00382026744	0	0.0286031	0	0	3
550	13	0	1.375	0.00131283129	0.00230599083	0.00131283129	0.00388511996	0.00257228867	0.00382026744	0	0.0285419	0	0	3
555	13	0	1.3875	0.00127662705	0.00224077851	0.00127662705	0.00375229179	0.00247566474	0.00382026744	0	0.0284773	0	0	3
560	13	0	1.4	0.00124100677	0.00221639384	0.00124100677	0.00375229179	0.00251128502	0.00382026744	0	0.0284094	0	0	3
565	14	0	1.4125	0.00120600961	0.00211751076	0.00120600961	0.00350469259	0.00229868298	0.00382026744	0	0.0283377	0	0	3
570	14	0	1.425	0.00117169015	0.0020591857	0.00117169015	0.00338983706	0.00221814692	0.00382026744	0	0.0282622	0	0	3
575	14	0	1.4375	0.00113821832	0.00200289523	0.00113821832	0.00328054667	0.00214232835	0.00382026744	0	0.028183	0	0	3
580	14	0	1.45	0.00110571038	0.00194852432	0.00110571038	0.0031764759	0.00207076552	0.00382026744	0	0.0280999	0	0	3
585	14	0	1.4625	0.00107424735	0.0019272005	0.00107424735	0.0031764759	0.00210222855	0.00382026744	0	0.0280131	0	0	3
590	14	0	1.475	0.00104391875	0.0018451317	0.00104391875	0.00298313117	0.00193921242	0.00382026744	0	0.0279202	0	0	3
595	14	0	1.4875	0.00101477362	0.00179592276	0.00101477362	0.00289351746	0.00187874383	0.00382026744	0	0.0278218	0	0	3
600	14	0	1.5	0.000986807168	0.001748255	0.000986807168	0.0028082956	0.00182148843	0.00382026744	0	0.0277202	0	0	3
605	15	0	1.5125	0.000959989801	0.00170204736	0.000959989801	0.00272711725	0.00176712745	0.00382026744	0	0.0276187	0	0	3
610	15	0	1.525	0.00093431806	0.00165722738	0.00093431806	0.00264951052	0.00171519246	0.00382026744	0	0.0275153	0	0	3
615	15	0	1.5375	0.000909746762	0.00161373329	0.000909746762	0.00257506823	0.00166532147	0.00382026744	0	0.0274089	0	0	3
620	15	0	1.55	0.000886209369	0.00157151181	0.000886209369	0.00250341778	0.00161720841	0.00382026744	0	0.0272996	0	0	3
625	15	0	1.5625	0.000863610105	0.00153051662	0.000863610105	0.00243412906	0.00157051896	0.00382026744	0	0.0271873	0	0	3
630	15	0	1.575	0.000841824027	0.001490709	0.000841824027	0.00236680156	0.00152497753	0.00382026744	0	0.0270715	0	0	3
635	15	0	1.5875	0.000820550984	0.00145205273	0.000820550984	0.00230204269	0.00148149171	0.00382026744	0	0.0269508	0	0	3
640	15	0	1.6	0.000799429706	0.00141448741	0.000799429706	0.00224045013	0.00144102042	0.00382026744	0	0.0268259	0	0	3
645	16	0	1.6125	0.000778208993	0.00137793138	0.000778208993	0.00218170475	0.00140349576	0.00382026744	0	0.0266974	0	0	3
650	16	0	1.625	0.000757031619	0.00134231455	0.000757031619	0.00212533612	0.0013683045	0.00382026744	0	0.0265616	0	0	3
655	16	0	1.6375	0.000736310324	0.00130758891	0.000736310324	0.00207121016	0.00133489983	0.00382026744	0	0.0264079	0	0	3
660	16	0	1.65	0.000716365877	0.0012737178	0.000716365877	0.00201930713	0.00130294126	0.00382026744	0	0.0262314	0	0	3
665	16	0	1.6625	0.000697395529	0.00124067001	0.000697395529	0.00196946561	0.00127207008	0.00382026744	0	0.0260343	0	0	3
670	16	0	1.675	0.000679363113	0.00120841745	0.000679363113	0.00192141853	0.00124205542	0.00382026744	0	0.0258257	0	0	3
675	16	0	1.6875	0.000662129297	0.00117693522	0.000662129297	0.0018749269	0.0012127976	0.00382026744	0	0.0256143	0	0	3
680	16	0	1.7	0.000645618531	0.00114620251	0.000645618531	0.001829906	0.00118428747	0.00382026744	0	0.0254078	0	0	3
685	17	0	1.7125	0.000629916988	0.00111620278	0.000629916988	0.00178620137	0.00115628439	0.00382026744	0	0.0252092	0	0	3
690	17	0	1.725	0.000615113602	0.00108692559	0.000615113602	0.00174353935	0.00112842575	0.00382026744	0	0.0250203	0	0	3
695	17	0	1.7375	0.000601121388	0.00105836514	0.000601121388	0.00170176757	0.00110064619	0.00382026744	0	0.0248419	0	0	3
700	17	0	1.75	0.000587772966	0.00103051527	0.000587772966	0.00166070821	0.00107293524	0.00382026744	0	0.024674	0	0	3
705	17	0	1.7625	0.000574836572	0.00100336848	0.000574836572	0.0016202087	0.00104537213	0.00382026744	0	0.0245141	0	0	3
710	17	0	1.775	0.000562149848	0.00097691701	0.000562149848	0.00158019152	0.00101804168	0.00382026744	0	0.0243539	0	0	3
715	17	0	1.7875	0.00054981125	0.000951157503	0.00054981125	0.00154062681	0.000990815565	0.00382026744	0	0.0241881	0	0	3
720	18	0	1.8	0.000537977947	0.000926091282	0.000537977947	0.00150146785	0.000963489907	0.00382026744	0	0.0240169	0	0	3
725	18	0	1.8125	0.000526684612	0.000901721701	0.000526684612	0.00146271194	0.000936027326	0.00382026744	0	0.0238394	0	0	3
730	18	0	1.825	0.000515705988	0.000878046552	0.000515705988	0.00142448264	0.000908776656	0.00382026744	0	0.0236458	0	0	3
735	18	0	1.8375	0.000504575618	0.000855048876	0.000504575618	0.00138678047	0.000882204853	0.00382026744	0	0.0234507	0	0	3
740	18	0	1.85	0.000492952969	0.000832703189	0.000492952969	0.00134956525	0.000856612277	0.00382026744	0	0.0232704	0	0	3
745	18	0	1.8625	0.000481092055	0.000810991359	0.000481092055	0.00131283129	0.000831739235	0.00382026744	0	0.0230886	0	0	3
750	18	0	1.875	0.000469480018	0.000789907577	0.000469480018	0.00127662705	0.00080714703	0.00382026744	0	0.0228999	0	0	3
755	18	0	1.8875	0.000458277447	0.000769448837	0.000458277447	0.00124100677	0.000782729322	0.00382026744	0	0.0227051	0	0	3
760	18	0	1.9	0.000447386345	0.000749608326	0.000447386345	0.00120600961	0.000758623268	0.00382026744	0	0.0225051	0	0	3
765	19	0	1.9125	0.000436703228	0.000730375667	0.000436703228	0.00117169015	0.00073498692	0.00382026744	0	0.0222999	0	0	3
770	19	0	1.925	0.000426148052	0.000711737114	0.000426148052	0.00113821832	0.000712070269	0.00382026744	0	0.0220874	0	0	3
775	19	0	1.9375	0.00041566743	0.000693673342	0.00041566743	0.00110571038	0.000690042954	0.00382026744	0	0.0218677	0	0	3
780	19	0	1.95	0.000405227703	0.000676161275	0.000405227703	0.00107424735	0.000669019644	0.00382026744	0	0.0216437	0	0	3
785	19	0	1.9625	0.000394892593	0.000659177406	0.000394892593	0.00104391875	0.000649026154	0.00382026744	0	0.021417	0	0	3
790	19	0	1.975	0.00038471086	0.000642697209	0.00038471086	0.00101477362	0.000630062764	0.00382026744	0	0.0211882	0	0	3
795	19	0	1.9875	0.000374746247	0.000626696525	0.000374746247	0.000986807168	0.000612060921	0.00382026744	0	0.0209554	0	0	3
800	19	0	2	0.000365049246	0.000611152577	0.000365049246	0.000959989801	0.000594940554	0.00382026744	0	0.0207226	0	0	3
805	19	0	2.0125	0.000355660045	0.000596044333	0.000355660045	0.00093431806	0.000578658014	0.00382026744	0	0.0204912	0	0	3
810	20	0	2.025	0.00034661313	0.00058135171	0.00034661313	0.000909746762	0.000563133632	0.00382026744	0	0.0202619	0	0	3
815	20	0	2.0375	0.000337952167	0.000567056845	0.000337952167	0.000886209369	0.000548257202	0.00382026744	0	0.0200338	0	0	3
820	20	0	2.05	0.000329685086	0.00056126729	0.000329685086	0.000886209369	0.000556524283	0.00382026744	0	0.0198066	0	0	3
825	20	0	2.0625	0.000321781337	0.000539598018	0.000321781337	0.000841824027	0.00052004269	0.00382026744	0	0.0195809	0	0	3
830	20	0	2.075	0.000314284991	0.000526409542	0.000314284991	0.000820550984	0.000506265993	0.00382026744	0	0.0193922	0	0	3
835	20	0	2.0875	0.000307269207	0.000513577498	0.000307269207	0.000799429706	0.000492160499	0.00382026744	0	0.0193609	0	0	3
840	20	0	2.1	0.000300683428	0.000501108841	0.000300683428	0.000778208993	0.000477525565	0.00382026744	0	0.0193299	0	0	3
845	20	0	2.1125	0.000294427032	0.000496067821	0.000294427032	0.000778208993	0.000483781961	0.00382026744	0	0.019299	0	0	3
850	21	0	2.125	0.000288417267	0.000477298933	0.000288417267	0.000736310324	0.000447893057	0.00382026744	0	0.0192682	0	0	3
855	21	0	2.1375	0.000282604344	0.000465956284	0.000282604344	0.000716365877	0.000433761534	0.00382026744	0	0.0192377	0	0	3
860	21	0	2.15	0.000276952486	0.000454970949	0.000276952486	0.000697395529	0.000420443043	0.00382026744	0	0.0192073	0	0	3
865	21	0	2.1625	0.000271446309	0.000444322218	0.000271446309	0.000679363113	0.000407916804	0.00382026744	0	0.019177	0	0	3
870	21	0	2.175	0.000266084717	0.000439974962	0.000266084717	0.000679363113	0.000413278396	0.00382026744	0	0.019147	0	0	3
875	21	0	2.1875	0.000260876281	0.000423958933	0.000260876281	0.000645618531	0.00038474225	0.00382026744	0	0.0191171	0	0	3
880	21	0	2.2	0.000255836014	0.00041421437	0.000255836014	0.000629916988	0.000374080974	0.00382026744	0	0.0190873	0	0	3
885	21	0	2.2125	0.000250955257	0.000404740327	0.000250955257	0.000615113602	0.000364158345	0.00382026744	0	0.0190577	0	0	3
890	21	0	2.225	0.000246222327	0.000395518045	0.000246222327	0.000601121388	0.000354899061	0.00382026744	0	0.0190283	0	0	3
895	22	0	2.2375	0.00024164407	0.000391765021	0.00024164407	0.000601121388	0.000359477318	0.00382026744	0	0.018999	0	0	3
900	22	0	2.25	0.000237230483	0.00037776755	0.000237230483	0.000574836572	0.000337606089	0.00382026744	0	0.0189698	0	0	3
905	22	0	2.2625	0.00023297832	0.000369221094	0.00023297832	0.000562149848	0.000329171528	0.00382026744	0	0.0189409	0	0	3
910	22	0	2.275	0.000228887513	0.000360889535	0.000228887513	0.00054981125	0.000320923737	0.00382026744	0	0.0189124	0	0	3
915	22	0	2.2875	0.000224954233	0.00035276811	0.000224954233	0.000537977947	0.000313023714	0.00382026744	0	0.0188841	0	0	3
920	22	0	2.3	0.000221195027	0.00034955901	0.000221195027	0.000537977947	0.00031678292	0.00382026744	0	0.0188559	0	0	3
925	22	0	2.3125	0.000217590855	0.000337121193	0.000217590855	0.000515705988	0.000298115133	0.00382026744	0	0.0188279	0	0	3
930	22	0	2.325	0.000214125656	0.000329581685	0.000214125656	0.000504575618	0.000290449962	0.00382026744	0	0.0188	0	0	3
935	22	0	2.3375	0.000210810488	0.000322237557	0.000210810488	0.000492952969	0.000282142481	0.00382026744	0	0.0187722	0	0	3
940	23	0	2.35	0.000207630015	0.000315104483	0.000207630015	0.000481092055	0.00027346204	0.00382026744	0	0.0187446	0	0	3
945	23	0	2.3625	0.000204576994	0.00031240869	0.000204576994	0.000481092055	0.00027651506	0.00382026744	0	0.0187171	0	0	3
950	23	0	2.375	0.000201640895	0.000301495628	0.000201640895	0.000458277447	0.000256636552	0.00382026744	0	0.0186897	0	0	3
955	23	0	2.3875	0.000198794042	0.000295008543	0.000198794042	0.000447386345	0.000248592302	0.00382026744	0	0.0186624	0	0	3
960	23	0	2.4	0.000196023006	0.00028872446	0.000196023006	0.000436703228	0.000240680221	0.00382026744	0	0.0186353	0	0	3
965	23	0	2.4125	0.000193341322	0.000282640412	0.000193341322	0.000426148052	0.00023280673	0.00382026744	0	0.0186083	0	0	3
970	23	0	2.425	0.000190757284	0.00028039936	0.000190757284	0.000426148052	0.000235390768	0.00382026744	0	0.0185815	0	0	3
975	23	0	2.4375	0.000188264059	0.000271070558	0.000188264059	0.000405227703	0.000216963644	0.00382026744	0	0.0185547	0	0	3
980	23	0	2.45	0.000185856936	0.000265586289	0.000185856936	0.000394892593	0.000209035657	0.00382026744	0	0.0185281	0	0	3
985	24	0	2.4625	0.000183530999	0.000260302249	0.000183530999	0.00038471086	0.00020117986	0.00382026744	0	0.0185015	0	0	3
990	24	0	2.475	0.000181279042	0.000255216454	0.000181279042	0.000374746247	0.000193467206	0.00382026744	0	0.0184751	0	0	3
995	24	0	2.4875	0.000179095493	0.000253359845	0.000179095493	0.000374746247	0.000195650754	0.00382026744	0	0.0184488	0	0	3
1000	24	0	2.5	0.000176977228	0.000245623385	0.000176977228	0.000355660045	0.000178682817	0.00382026744	0	0.0184226	0	0	3
1005	24	0	2.5125	0.000174922345	0.000241104942	0.000174922345	0.00034661313	0.000171690786	0.00382026744	0	0.0183966	0	0	3
1010	24	0	2.525	0.000172929229	0.000236762845	0.000172929229	0.000337952167	0.000165022937	0.00382026744	0	0.0183706	0	0	3
1015	24	0	2.5375	0.000170996054	0.000232588942	0.000170996054	0.000329685086	0.000158689032	0.00382026744	0	0.0183447	0	0	3
1020	24	0	2.55	0.000169120458	0.000228574826	0.000169120458	0.000321781337	0.00015266088	0.00382026744	0	0.0183189	0	0	3
1025	25	0	2.5625	0.000167300274	0.000224712799	0.000167300274	0.000314284991	0.000146984717	0.00382026744	0	0.0182932	0	0	3
1030	25	0	2.575	0.00016553423	0.00022099403	0.00016553423	0.000307269207	0.000141734977	0.00382026744	0	0.0182677	0	0	3
1035	25	0	2.5875	0.000163821884	0.000217407847	0.000163821884	0.000300683428	0.000136861544	0.00382026744	0	0.0182422	0	0	3
1040	25	0	2.6	0.000162160336	0.00021394477	0.000162160336	0.000294427032	0.000132266696	0.00382026744	0	0.0182168	0	0	3
1045	25	0	2.6125	0.000160546247	0.00021059775	0.000160546247	0.000288417267	0.00012787102	0.00382026744	0	0.0181915	0	0	3
1050	25	0	2.625	0.000158978519	0.000207361782	0.000158978519	0.000282604344	0.000123625824	0.00382026744	0	0.0181663	0	0	3
1055	25	0	2.6375	0.000157455	0.000204233048	0.000157455	0.000276952486	0.000119497485	0.00382026744	0	0.0181412	0	0	3
1060	25	0	2.65	0.000155972353	0.000201208545	0.000155972353	0.000271446309	0.000115473956	0.00382026744	0	0.0181162	0	0	3
1065	25	0	2.6625	0.000154528622	0.000198285603	0.000154528622	0.000266084717	0.000111556094	0.00382026744	0	0.0180913	0	0	3
1070	26	0	2.675	0.000153122787	0.000195461554	0.000153122787	0.000260876281	0.000107753495	0.00382026744	0	0.0180664	0	0	3
1075	26	0	2.6875	0.00015175321	0.000192733478	0.00015175321	0.000255836014	0.000104082804	0.00382026744	0	0.0180417	0	0	3
1080	26	0	2.7	0.000150412517	0.00019009789	0.000150412517	0.000250955257	0.00010054274	0.00382026744	0	0.0180171	0	0	3
1085	26	0	2.7125	0.000149091826	0.000187551304	0.000149091826	0.000246222327	9.71305004e-005	0.00382026744	0	0.0179925	0	0	3
1090	26	0	2.725	0.000147801387	0.000185090781	0.000147801387	0.00024164407	9.38426829e-005	0.00382026744	0	0.017968	0	0	3
1095	26	0	2.7375	0.000146547292	0.000182713362	0.000146547292	0.000237230483	9.06831911e-005	0.00382026744	0	0.0179437	0	0	3
1100	26	0	2.75	0.000145329135	0.000180415828	0.000145329135	0.00023297832	8.76491853e-005	0.00382026744	0	0.0179194	0	0	3
1105	26	0	2.7625	0.000144137687	0.000178194812	0.000144137687	0.000228887513	8.47498263e-005	0.00382026744	0	0.0178951	0	0	3
1110	27	0	2.775	0.000142968032	0.000176046825	0.000142968032	0.000224954233	8.19862012e-005	0.00382026744	0	0.017871	0	0	3
1115	27	0	2.7875	0.000141821854	0.000173968515	0.000141821854	0.000221195027	7.93731737e-005	0.00382026744	0	0.0178469	0	0	3
1120	27	0	2.8	0.000140705919	0.000171956288	0.000140705919	0.000217590855	7.68849352e-005	0.00382026744	0	0.017823	0	0	3
1125	27	0	2.8125	0.000139617769	0.000170006961	0.000139617769	0.000214125656	7.4507887e-005	0.00382026744	0	0.0177991	0	0	3
1130	27	0	2.825	0.000138532091	0.000168117122	0.000138532091	0.000210810488	7.22783972e-005	0.00382026744	0	0.0177752	0	0	3
1135	27	0	2.8375	0.000137453587	0.000166283199	0.000137453587	0.000207630015	7.01764276e-005	0.00382026744	0	0.0177515	0	0	3
1140	27	0	2.85	0.000136412016	0.000164502749	0.000136412016	0.000204576994	6.81649779e-005	0.00382026744	0	0.0177278	0	0	3
1145	27	0	2.8625	0.00013540791	0.000162773522	0.00013540791	0.000201640895	6.62329852e-005	0.00382026744	0	0.0177042	0	0	3
1150	27	0	2.875	0.000134438017	0.00016109345	0.000134438017	0.000198794042	6.43560249e-005	0.00382026744	0	0.0176806	0	0	3
1155	28	0	2.8875	0.000133502073	0.000159461151	0.000133502073	0.000196023006	6.25209328e-005	0.00382026744	0	0.0176572	0	0	3
1160	28	0	2.9	0.000132594912	0.000157875448	0.000132594912	0.000193341322	6.07464092e-005	0.00382026744	0	0.0176338	0	0	3
1165	28	0	2.9125	0.00013170944	0.000156334651	0.00013170944	0.000190757284	5.90478443e-005	0.00382026744	0	0.0176105	0	0	3
1170	28	0	2.925	0.000130840369	0.000154836728	0.000130840369	0.000188264059	5.74236892e-005	0.00382026744	0	0.0175872	0	0	3
1175	28	0	2.9375	0.000129985342	0.000153379761	0.000129985342	0.000185856936	5.58715935e-005	0.00382026744	0	0.017564	0	0	3
1180	28	0	2.95	0.000129144166	0.000151961941	0.000129144166	0.000183530999	5.43868332e-005	0.00382026744	0	0.0175409	0	0	3
1185	28	0	2.9625	0.000128316766	0.000150581586	0.000128316766	0.000181279042	5.29622755e-005	0.00382026744	0	0.0175178	0	0	3
1190	28	0	2.975	0.000127503398	0.000149237194	0.000127503398	0.000179095493	5.15920947e-005	0.00382026744	0	0.0174948	0	0	3
1195	28	0	2.9875	0.000126704684	0.000147927424	0.000126704684	0.000176977228	5.0272544e-005	0.00382026744	0	0.0174719	0	0	3
1200	29	0	3	0.0001259209	0.000146651016	0.0001259209	0.000174922345	4.90014443e-005	0.00382026744	0	0.017449	0	0	3
1205	29	0	3.0125	0.000125151859	0.000145406754	0.000125151859	0.000172929229	4.77773707e-005	0.00382026744	0	0.0174262	0	0	3
1210	29	0	3.025	0.000124397477	0.00014419346	0.000124397477	0.000170996054	4.65985775e-005	0.00382026744	0	0.0174034	0	0	3
1215	29	0	3.0375	0.000123657764	0.000143010003	0.000123657764	0.000169120458	4.54626942e-005	0.00382026744	0	0.0173807	0	0	3
1220	29	0	3.05	0.000122932643	0.000141855307	0.000122932643	0.000167300274	4.43676309e-005	0.00382026744	0	0.0173581	0	0	3
1225	29	0	3.0625	0.00012222169	0.000140728343	0.00012222169	0.00016553423	4.33125399e-005	0.00382026744	0	0.0173355	0	0	3
1230	29	0	3.075	0.000121524436	0.000139628098	0.000121524436	0.000163821884	4.22974484e-005	0.00382026744	0	0.0173129	0	0	3
1235	29	0	3.0875	0.000120840608	0.000138553566	0.000120840608	0.000162160336	4.13197283e-005	0.00382026744	0	0.0172905	0	0	3
1240	29	0	3.1	0.000120169907	0.000137503805	0.000120169907	0.000160546247	4.03763402e-005	0.00382026744	0	0.0172681	0	0	3
1245	30	0	3.1125	0.000119512057	0.000136477951	0.000119512057	0.000158978519	3.94664626e-005	0.00382026744	0	0.0172457	0	0	3
1250	30	0	3.125	0.000118866871	0.000135475159	0.000118866871	0.000157455	3.8588129e-005	0.00382026744	0	0.0172234	0	0	3
1255	30	0	3.1375	0.000118234222	0.00013449464	0.000118234222	0.000155972353	3.77381315e-005	0.00382026744	0	0.0172012	0	0	3
1260	30	0	3.15	0.000117613975	0.00013353568	0.000117613975	0.000154528622	3.69146473e-005	0.00382026744	0	0.017179	0	0	3
1265	30	0	3.1625	0.000117005958	0.000132597614	0.000117005958	0.000153122787	3.61168291e-005	0.00382026744	0	0.0171569	0	0	3
1270	30	0	3.175	0.000116409976	0.000131679794	0.000116409976	0.00015175321	3.53432345e-005	0.00382026744	0	0.0171348	0	0	3
1275	30	0	3.1875	0.000115825853	0.00013078161	0.000115825853	0.000150412517	3.45866642e-005	0.00382026744	0	0.0171127	0	0	3
1280	30	0	3.2	0.000115253438	0.000129902633	0.000115253438	0.000149091826	3.38383882e-005	0.00382026744	0	0.0170908	0	0	3
1285	31	0	3.2125	0.000114692592	0.000129042652	0.000114692592	0.000147801387	3.31087949e-005	0.00382026744	0	0.0170688	0	0	3
1290	31	0	3.225	0.000114143171	0.000128201196	0.000114143171	0.000146547292	3.24041208e-005	0.00382026744	0	0.017047	0	0	3
1295	31	0	3.2375	0.000113605004	0.000127377639	0.000113605004	0.000145329135	3.17241309e-005	0.00382026744	0	0.0170251	0	0	3
1300	31	0	3.25	0.000113077912	0.000126571359	0.000113077912	0.000144137687	3.10597745e-005	0.00382026744	0	0.0170034	0	0	3
1305	31	0	3.2625	0.000112561694	0.000125781959	0.000112561694	0.000142968032	3.04063383e-005	0.00382026744	0	0.0169816	0	0	3
1310	31	0	3.275	0.000112056139	0.000125009161	0.000112056139	0.000141821854	2.97657142e-005	0.00382026744	0	0.01696	0	0	3
1315	31	0	3.2875	0.000111561063	0.000124252642	0.000111561063	0.000140705919	2.91448563e-005	0.00382026744	0	0.0169383	0	0	3
1320	31	0	3.3	0.000111076283	0.000123511901	0.000111076283	0.000139617769	2.85414864e-005	0.00382026744	0	0.0169168	0	0	3
1325	31	0	3.3125	0.00011060161	0.000122786497	0.00011060161	0.000138532091	2.79304809e-005	0.00382026744	0	0.0168952	0	0	3
1330	32	0	3.325	0.00011013682	0.000122076615	0.00011013682	0.000137453587	2.73167671e-005	0.00382026744	0	0.0168737	0	0	3
1335	32	0	3.3375	0.000109681676	0.000121382317	0.000109681676	0.000136412016	2.673034e-005	0.00382026744	0	0.0168523	0	0	3
1340	32	0	3.35	0.000109235962	0.000120702916	0.000109235962	0.00013540791	2.61719474e-005	0.00382026744	0	0.0168309	0	0	3
