Iteration	CPUTime	PhysTime	Travels	Value	AvValue	MinValue	MaxValue	Delta	Criteria	Progress	dGMaxMin	CriteriaType	CriteriaVarType	CriteriaPercentage
1	0	0	0.0025	0.137932958	0.137932958	0.137932958	0.137932958	0	0	0	0.14	0	0	3
5	0	0	0.0125	0.132355846	0.135144402	0.132355846	0.137932958	0.00278855569	0	0	0.140007	0	0	3
10	0	0	0.025	0.127456457	0.132581754	0.127456457	0.137932958	0.00535120404	0	0	0.140007	0	0	3
15	0	0	0.0375	0.123395645	0.130285226	0.123395645	0.137932958	0.00764773114	0	0	0.140181	0	0	3
20	0	0	0.05	0.119843219	0.128196825	0.119843219	0.137932958	0.00973613256	0	0	0.140484	0	0	3
25	0	0	0.0625	0.116763519	0.126291274	0.116763519	0.137932958	0.0116416837	0	0	0.140704	0	0	3
30	1	0	0.075	0.114085537	0.124547597	0.114085537	0.137932958	0.0133853604	0	0	0.140797	0	0	3
35	1	0	0.0875	0.111738681	0.122946483	0.111738681	0.137932958	0.0149864749	0	0	0.141096	0	0	3
40	1	0	0.1	0.109676827	0.121472077	0.109676827	0.137932958	0.0164608811	0	0	0.141374	0	0	3
45	1	0	0.1125	0.107859703	0.120110839	0.107859703	0.137932958	0.0178221185	0	0	0.141255	0	0	3
50	1	0	0.125	0.106192206	0.118845509	0.106192206	0.137932958	0.0190874488	0	0	0.141131	0	0	3
55	1	0	0.1375	0.104627376	0.117660664	0.104627376	0.137932958	0.0202722931	0	0	0.14145	0	0	3
60	1	0	0.15	0.103126005	0.116542614	0.103126005	0.137932958	0.0213903439	0	0	0.141631	0	0	3
65	1	0	0.1625	0.10168832	0.115481593	0.10168832	0.137932958	0.0224513649	0	0	0.141651	0	0	3
70	2	0	0.175	0.100296782	0.114469272	0.100296782	0.137932958	0.0234636856	0	0	0.141506	0	0	3
75	2	0	0.1875	0.0989571972	0.113499767	0.0989571972	0.137932958	0.0244331903	0	0	0.141205	0	0	3
80	2	0	0.2	0.0976731871	0.112568792	0.0976731871	0.137932958	0.0253641656	0	0	0.140907	0	0	3
85	2	0	0.2125	0.0964426085	0.111672893	0.0964426085	0.137932958	0.0262600647	0	0	0.14066	0	0	3
90	2	0	0.225	0.095253252	0.110808701	0.095253252	0.137932958	0.0271242563	0	0	0.140527	0	0	3
95	2	0	0.2375	0.0940853326	0.109972533	0.0940853326	0.137932958	0.0279604247	0	0	0.140555	0	0	3
100	2	0	0.25	0.0929189595	0.109160458	0.0929189595	0.137932958	0.0287724997	0	0	0.140664	0	0	3
105	2	0	0.2625	0.0917386287	0.108368557	0.0917386287	0.137932958	0.029564401	0	0	0.140805	0	0	3
110	3	0	0.275	0.0905331348	0.107593104	0.0905331348	0.137932958	0.0303398541	0	0	0.140969	0	0	3
115	3	0	0.2875	0.0892937188	0.106830629	0.0892937188	0.137932958	0.0311023285	0	0	0.141152	0	0	3
120	3	0	0.3	0.0880139055	0.10607796	0.0880139055	0.137932958	0.0318549974	0	0	0.14135	0	0	3
125	3	0	0.3125	0.0866844457	0.105332056	0.0866844457	0.137932958	0.0326009018	0	0	0.141558	0	0	3
130	3	0	0.325	0.0852929718	0.104589868	0.0852929718	0.137932958	0.0333430901	0	0	0.141762	0	0	3
135	3	0	0.3375	0.0838284957	0.10384839	0.0838284957	0.137932958	0.0340845677	0	0	0.141925	0	0	3
140	3	0	0.35	0.0822739419	0.103104443	0.0822739419	0.137932958	0.0348285142	0	0	0.142031	0	0	3
145	3	0	0.3625	0.0806106161	0.102354649	0.0806106161	0.137932958	0.0355783084	0	0	0.142068	0	0	3
150	4	0	0.375	0.0788147106	0.101595296	0.0788147106	0.137932958	0.0363376613	0	0	0.142018	0	0	3
155	4	0	0.3875	0.0768643118	0.100822453	0.0768643118	0.137932958	0.0371105045	0	0	0.141856	0	0	3
160	4	0	0.4	0.0747498104	0.100032373	0.0747498104	0.137932958	0.0379005846	0	0	0.141553	0	0	3
165	4	0	0.4125	0.0724857092	0.099222177	0.0724857092	0.137932958	0.0387107806	0	0	0.141081	0	0	3
170	4	0	0.425	0.0701101138	0.0983904038	0.0701101138	0.137932958	0.0395425538	0	0	0.140418	0	0	3
175	4	0	0.4375	0.0676777928	0.0975372757	0.0676777928	0.137932958	0.0403956819	0	0	0.140247	0	0	3
180	4	0	0.45	0.06523387	0.0966642107	0.06523387	0.137932958	0.0412687469	0	0	0.140352	0	0	3
185	4	0	0.4625	0.0628165962	0.095773484	0.0628165962	0.137932958	0.0421594736	0	0	0.14048	0	0	3
190	5	0	0.475	0.0604633414	0.0948680957	0.0604633414	0.137932958	0.0430648619	0	0	0.140637	0	0	3
195	5	0	0.4875	0.0581920366	0.0939511942	0.0581920366	0.137932958	0.0439817634	0	0	0.140828	0	0	3
200	5	0	0.5	0.0560066584	0.0930257178	0.0560066584	0.137932958	0.0449072399	0	0	0.141052	0	0	3
205	5	0	0.5125	0.0539032391	0.0909762124	0.0539032391	0.132355846	0.0441681895	0	0	0.141306	0	0	3
210	5	0	0.525	0.0518736589	0.0880521516	0.0518736589	0.123395645	0.0422330749	0	0	0.141581	0	0	3
215	5	0	0.5375	0.049915024	0.0862151361	0.049915024	0.119843219	0.041981689	0	0	0.141869	0	0	3
220	5	0	0.55	0.0480318427	0.0844198517	0.0480318427	0.116763519	0.0418714223	0	0	0.14215	0	0	3
225	5	0	0.5625	0.0462261952	0.0826564186	0.0462261952	0.114085537	0.0418911787	0	0	0.142366	0	0	3
230	6	0	0.575	0.0445036087	0.0817258623	0.0445036087	0.114085537	0.042821735	0	0	0.142475	0	0	3
235	6	0	0.5875	0.0428726664	0.07919522	0.0428726664	0.109676827	0.0422768565	0	0	0.142438	0	0	3
240	6	0	0.6	0.0413413697	0.0774868336	0.0413413697	0.107859703	0.0426240056	0	0	0.142251	0	0	3
245	6	0	0.6125	0.0399160752	0.0757882429	0.0399160752	0.106192206	0.043057266	0	0	0.141936	0	0	3
250	6	0	0.625	0.0385949074	0.0740983104	0.0385949074	0.104627376	0.0435623541	0	0	0.141477	0	0	3
255	6	0	0.6375	0.0373442115	0.073201869	0.0373442115	0.104627376	0.0444587955	0	0	0.141303	0	0	3
260	6	0	0.65	0.036128757	0.0707413001	0.036128757	0.10168832	0.0447402927	0	0	0.141399	0	0	3
265	6	0	0.6625	0.0349343686	0.0690724513	0.0349343686	0.100296782	0.0453968207	0	0	0.141502	0	0	3
270	6	0	0.675	0.0337696891	0.067409274	0.0337696891	0.0989571972	0.0460904934	0	0	0.14161	0	0	3
275	7	0	0.6875	0.0326420471	0.0657513953	0.0326420471	0.0976731871	0.0468173968	0	0	0.14172	0	0	3
280	7	0	0.7	0.0315517084	0.0649172566	0.0315517084	0.0976731871	0.0476515355	0	0	0.141836	0	0	3
285	7	0	0.7125	0.0304703688	0.0624490523	0.0304703688	0.095253252	0.048359649	0	0	0.141963	0	0	3
290	7	0	0.725	0.0293980297	0.0608026717	0.0293980297	0.0940853326	0.0491698612	0	0	0.142102	0	0	3
295	7	0	0.7375	0.0283405329	0.0591590518	0.0283405329	0.0929189595	0.0500014062	0	0	0.142254	0	0	3
300	7	0	0.75	0.0273071577	0.0575187567	0.0273071577	0.0917386287	0.0508497999	0	0	0.142408	0	0	3
305	7	0	0.7625	0.0263006605	0.0567573397	0.0263006605	0.0917386287	0.0516112169	0	0	0.1425	0	0	3
310	8	0	0.775	0.0253225325	0.0542525424	0.0253225325	0.0892937188	0.0525780867	0	0	0.142414	0	0	3
315	8	0	0.7875	0.0243765951	0.0526296144	0.0243765951	0.0880139055	0.0534483459	0	0	0.142121	0	0	3
320	8	0	0.8	0.0234663804	0.0510159262	0.0234663804	0.0866844457	0.0543161296	0	0	0.141623	0	0	3
325	8	0	0.8125	0.0225887779	0.0494135345	0.0225887779	0.0852929718	0.055176333	0	0	0.140925	0	0	3
330	8	0	0.825	0.0217437376	0.0487386614	0.0217437376	0.0852929718	0.0558512061	0	0	0.14003	0	0	3
335	8	0	0.8375	0.0209434343	0.0462526771	0.0209434343	0.0822739419	0.0568517663	0	0	0.139664	0	0	3
340	8	0	0.85	0.0201868408	0.0447004996	0.0201868408	0.0806106161	0.0576541496	0	0	0.139466	0	0	3
345	8	0	0.8625	0.0194677725	0.0431719285	0.0194677725	0.0788147106	0.0584233678	0	0	0.139221	0	0	3
350	8	0	0.875	0.0187789905	0.0416710355	0.0187789905	0.0768643118	0.0580853214	0	0	0.138917	0	0	3
355	9	0	0.8875	0.0181305598	0.0410968776	0.0181305598	0.0768643118	0.058733752	0	0	0.138545	0	0	3
360	9	0	0.9	0.017510695	0.0387717138	0.017510695	0.0724857092	0.0549750142	0	0	0.138097	0	0	3
365	9	0	0.9125	0.016918695	0.0373825385	0.016918695	0.0701101138	0.0531914187	0	0	0.137826	0	0	3
370	9	0	0.925	0.0163552321	0.0360386664	0.0163552321	0.0676777928	0.0513225607	0	0	0.137664	0	0	3
375	9	0	0.9375	0.0158192396	0.0347422026	0.0158192396	0.06523387	0.0494146304	0	0	0.137482	0	0	3
380	9	0	0.95	0.0153092178	0.0342682274	0.0153092178	0.06523387	0.0499246522	0	0	0.137277	0	0	3
385	9	0	0.9625	0.0148235542	0.0322942602	0.0148235542	0.0604633414	0.0456397872	0	0	0.137048	0	0	3
390	9	0	0.975	0.0143611773	0.0311417061	0.0143611773	0.0581920366	0.0438308593	0	0	0.136794	0	0	3
395	10	0	0.9875	0.0139212788	0.0300349372	0.0139212788	0.0560066584	0.0420853796	0	0	0.136512	0	0	3
400	10	0	1	0.0135030815	0.0289723478	0.0135030815	0.0539032391	0.0404001576	0.0178279147	0	0.136197	0	0	3
405	10	0	1.0125	0.0131053795	0.0279524013	0.0131053795	0.0518736589	0.0387682794	0.0178279147	0	0.135877	0	0	3
410	10	0	1.025	0.0127265472	0.027581039	0.0127265472	0.0518736589	0.0391471117	0.0178279147	0	0.135807	0	0	3
415	10	0	1.0375	0.0123643824	0.0260349575	0.0123643824	0.0480318427	0.0356674602	0.0178279147	0	0.135778	0	0	3
420	10	0	1.05	0.0120169851	0.025134586	0.0120169851	0.0462261952	0.0342092101	0.0178279147	0	0.135766	0	0	3
425	10	0	1.0625	0.0116826163	0.0242709965	0.0116826163	0.0445036087	0.0328209924	0.0178279147	0	0.135754	0	0	3
430	10	0	1.075	0.011359269	0.0234423881	0.011359269	0.0428726664	0.0315133975	0.0178279147	0	0.13574	0	0	3
435	11	0	1.0875	0.0110450739	0.0231400145	0.0110450739	0.0428726664	0.0318275925	0.0178279147	0	0.135725	0	0	3
440	11	0	1.1	0.0107428659	0.0218817356	0.0107428659	0.0399160752	0.0291732093	0.0178279147	0	0.135709	0	0	3
445	11	0	1.1125	0.0104554339	0.0211452196	0.0104554339	0.0385949074	0.0281394734	0.0178279147	0	0.135691	0	0	3
450	11	0	1.125	0.0101812888	0.0204348792	0.0101812888	0.0373442115	0.0271629227	0.0178279147	0	0.13567	0	0	3
455	11	0	1.1375	0.00991823522	0.0197492297	0.00991823522	0.036128757	0.0262105218	0.0178279147	0	0.135646	0	0	3
460	11	0	1.15	0.0096656474	0.0195032887	0.0096656474	0.036128757	0.0264631096	0.0178279147	0	0.135618	0	0	3
465	11	0	1.1625	0.0094234333	0.0184498786	0.0094234333	0.0337696891	0.0243462558	0.0178279147	0	0.135588	0	0	3
470	11	0	1.175	0.00919083949	0.0178354074	0.00919083949	0.0326420471	0.0234512076	0.0178279147	0	0.135553	0	0	3
475	11	0	1.1875	0.00896661982	0.0172435217	0.00896661982	0.0315517084	0.0225850885	0.0178279147	0	0.135514	0	0	3
480	12	0	1.2	0.00874965887	0.0166734705	0.00874965887	0.0304703688	0.0217207099	0.0178279147	0	0.135467	0	0	3
485	12	0	1.2125	0.00853956133	0.0164750824	0.00853956133	0.0304703688	0.0219308074	0.0178279147	0	0.135408	0	0	3
490	12	0	1.225	0.00833560641	0.0155986397	0.00833560641	0.0283405329	0.0200049265	0.0178279147	0	0.135337	0	0	3
495	12	0	1.2375	0.00813651698	0.0150935393	0.00813651698	0.0273071577	0.0191706407	0.0178279147	0	0.135252	0	0	3
500	12	0	1.25	0.00794158201	0.0146093999	0.00794158201	0.0263006605	0.0183590784	0.0178279147	0	0.135153	0	0	3
505	12	0	1.2625	0.00774997164	0.0141456327	0.00774997164	0.0253225325	0.0175725609	0.0178279147	0	0.135039	0	0	3
510	12	0	1.275	0.00756097393	0.0139850312	0.00756097393	0.0253225325	0.0177615586	0.0178279147	0	0.134909	0	0	3
515	12	0	1.2875	0.00737422711	0.0132765345	0.00737422711	0.0234663804	0.0160921533	0.0178279147	0	0.134763	0	0	3
520	13	0	1.3	0.0071895918	0.0128696148	0.0071895918	0.0225887779	0.0153991861	0.0178279147	0	0.1346	0	0	3
525	13	0	1.3125	0.00700684998	0.0124800666	0.00700684998	0.0217437376	0.0147368876	0.0178279147	0	0.134419	0	0	3
530	13	0	1.325	0.00682598904	0.0121071229	0.00682598904	0.0209434343	0.0141174453	0.0178279147	0	0.134221	0	0	3
535	13	0	1.3375	0.00664758567	0.0119739634	0.00664758567	0.0209434343	0.0142958486	0.0178279147	0	0.134001	0	0	3
540	13	0	1.35	0.0064716422	0.0114068467	0.0064716422	0.0194677725	0.0129961303	0.0178279147	0	0.13375	0	0	3
545	13	0	1.3625	0.00629797115	0.0110776017	0.00629797115	0.0187789905	0.0124810193	0.0178279147	0	0.133481	0	0	3
550	13	0	1.375	0.00612654602	0.0107612906	0.00612654602	0.0181305598	0.0120040138	0.0178279147	0	0.133196	0	0	3
555	13	0	1.3875	0.00595759289	0.0104569664	0.00595759289	0.017510695	0.0115531021	0.0178279147	0	0.132894	0	0	3
560	13	0	1.4	0.00579136492	0.0103431712	0.00579136492	0.017510695	0.0117193301	0.0178279147	0	0.132577	0	0	3
565	14	0	1.4125	0.00562804486	0.00988171688	0.00562804486	0.0163552321	0.0107271872	0.0178279147	0	0.132243	0	0	3
570	14	0	1.425	0.00546788735	0.00960953326	0.00546788735	0.0158192396	0.0103513523	0.0178279147	0	0.13189	0	0	3
575	14	0	1.4375	0.00531168549	0.00934684441	0.00531168549	0.0153092178	0.00999753229	0.0178279147	0	0.131521	0	0	3
580	14	0	1.45	0.00515998179	0.00909311351	0.00515998179	0.0148235542	0.00966357241	0.0178279147	0	0.131133	0	0	3
585	14	0	1.4625	0.00501315429	0.00899360231	0.00501315429	0.0148235542	0.00981039992	0.0178279147	0	0.130728	0	0	3
590	14	0	1.475	0.00487162082	0.0086106146	0.00487162082	0.0139212788	0.00904965796	0.0178279147	0	0.130294	0	0	3
595	14	0	1.4875	0.00473561024	0.00838097289	0.00473561024	0.0135030815	0.00876747122	0.0178279147	0	0.129835	0	0	3
600	14	0	1.5	0.00460510012	0.00815852335	0.00460510012	0.0131053795	0.00850027935	0.0178279147	0	0.129361	0	0	3
605	15	0	1.5125	0.0044799524	0.00794288768	0.0044799524	0.0127265472	0.00824659478	0.0178279147	0	0.128887	0	0	3
610	15	0	1.525	0.00436015094	0.00773372777	0.00436015094	0.0123643824	0.00800423149	0.0178279147	0	0.128405	0	0	3
615	15	0	1.5375	0.00424548489	0.00753075533	0.00424548489	0.0120169851	0.0077715002	0.0178279147	0	0.127908	0	0	3
620	15	0	1.55	0.00413564372	0.0073337218	0.00413564372	0.0116826163	0.00754697257	0.0178279147	0	0.127398	0	0	3
625	15	0	1.5625	0.00403018049	0.0071424109	0.00403018049	0.011359269	0.00732908847	0.0178279147	0	0.126874	0	0	3
630	15	0	1.575	0.00392851213	0.00695664198	0.00392851213	0.0110450739	0.00711656181	0.0178279147	0	0.126334	0	0	3
635	15	0	1.5875	0.00382923793	0.00677624608	0.00382923793	0.0107428659	0.00691362797	0.0178279147	0	0.12577	0	0	3
640	15	0	1.6	0.00373067196	0.00660094123	0.00373067196	0.0104554339	0.00672476197	0.0178279147	0	0.125188	0	0	3
645	16	0	1.6125	0.00363164197	0.00643034644	0.00363164197	0.0101812888	0.00654964687	0.0178279147	0	0.124588	0	0	3
650	16	0	1.625	0.00353281422	0.00626413457	0.00353281422	0.00991823522	0.006385421	0.0178279147	0	0.123954	0	0	3
655	16	0	1.6375	0.00343611485	0.00610208156	0.00343611485	0.0096656474	0.00622953255	0.0178279147	0	0.123237	0	0	3
660	16	0	1.65	0.00334304076	0.00594401639	0.00334304076	0.0094234333	0.00608039254	0.0178279147	0	0.122413	0	0	3
665	16	0	1.6625	0.00325451247	0.00578979337	0.00325451247	0.00919083949	0.00593632703	0.0178279147	0	0.121493	0	0	3
670	16	0	1.675	0.00317036119	0.00563928142	0.00317036119	0.00896661982	0.00579625863	0.0178279147	0	0.12052	0	0	3
675	16	0	1.6875	0.00308993672	0.00549236434	0.00308993672	0.00874965887	0.00565972215	0.0178279147	0	0.119533	0	0	3
680	16	0	1.7	0.00301288648	0.00534894503	0.00301288648	0.00853956133	0.00552667485	0.0178279147	0	0.11857	0	0	3
685	17	0	1.7125	0.00293961261	0.00520894631	0.00293961261	0.00833560641	0.0053959938	0.0178279147	0	0.117643	0	0	3
690	17	0	1.725	0.00287053014	0.0050723194	0.00287053014	0.00813651698	0.00526598684	0.0178279147	0	0.116761	0	0	3
695	17	0	1.7375	0.00280523314	0.00493903731	0.00280523314	0.00794158201	0.00513634887	0.0178279147	0	0.115929	0	0	3
700	17	0	1.75	0.00274294051	0.00480907127	0.00274294051	0.00774997164	0.00500703114	0.0178279147	0	0.115145	0	0	3
705	17	0	1.7625	0.00268257067	0.00468238625	0.00268257067	0.00756097393	0.00487840326	0.0178279147	0	0.114399	0	0	3
710	17	0	1.775	0.00262336596	0.00455894605	0.00262336596	0.00737422711	0.00475086116	0.0178279147	0	0.113652	0	0	3
715	17	0	1.7875	0.00256578583	0.00443873502	0.00256578583	0.0071895918	0.00462380597	0.0178279147	0	0.112878	0	0	3
720	18	0	1.8	0.00251056375	0.00432175931	0.00251056375	0.00700684998	0.00449628623	0.0178279147	0	0.112079	0	0	3
725	18	0	1.8125	0.00245786152	0.0042080346	0.00245786152	0.00682598904	0.00436812752	0.0178279147	0	0.111251	0	0	3
730	18	0	1.825	0.00240662794	0.00409755058	0.00240662794	0.00664758567	0.00424095773	0.0178279147	0	0.110347	0	0	3
735	18	0	1.8375	0.00235468622	0.00399022809	0.00235468622	0.0064716422	0.00411695598	0.0178279147	0	0.109437	0	0	3
740	18	0	1.85	0.00230044719	0.00388594821	0.00230044719	0.00629797115	0.00399752396	0.0178279147	0	0.108595	0	0	3
745	18	0	1.8625	0.00224509625	0.00378462634	0.00224509625	0.00612654602	0.00388144977	0.0178279147	0	0.107747	0	0	3
750	18	0	1.875	0.00219090675	0.00368623536	0.00219090675	0.00595759289	0.00376668614	0.0178279147	0	0.106866	0	0	3
755	18	0	1.8875	0.00213862808	0.00359076124	0.00213862808	0.00579136492	0.00365273684	0.0178279147	0	0.105957	0	0	3
760	18	0	1.9	0.00208780294	0.00349817219	0.00208780294	0.00562804486	0.00354024192	0.0178279147	0	0.105024	0	0	3
765	19	0	1.9125	0.0020379484	0.00340841978	0.0020379484	0.00546788735	0.00342993896	0.0178279147	0	0.104066	0	0	3
770	19	0	1.925	0.00198869091	0.00332143987	0.00198869091	0.00531168549	0.00332299459	0.0178279147	0	0.103075	0	0	3
775	19	0	1.9375	0.00193978134	0.00323714226	0.00193978134	0.00515998179	0.00322020045	0.0178279147	0	0.102049	0	0	3
780	19	0	1.95	0.00189106261	0.00315541928	0.00189106261	0.00501315429	0.00312209167	0.0178279147	0	0.101004	0	0	3
785	19	0	1.9625	0.0018428321	0.00307616123	0.0018428321	0.00487162082	0.00302878872	0.0178279147	0	0.0999459	0	0	3
790	19	0	1.975	0.00179531734	0.00299925364	0.00179531734	0.00473561024	0.0029402929	0.0178279147	0	0.0988783	0	0	3
795	19	0	1.9875	0.00174881582	0.00292458378	0.00174881582	0.00460510012	0.0028562843	0.0178279147	0	0.097792	0	0	3
800	19	0	2	0.00170356315	0.00285204536	0.00170356315	0.0044799524	0.00277638925	0.0178279147	0	0.0967057	0	0	3
805	19	0	2.0125	0.00165974688	0.00278154022	0.00165974688	0.00436015094	0.00270040407	0.0178279147	0	0.0956256	0	0	3
810	20	0	2.025	0.00161752794	0.00271297464	0.00161752794	0.00424548489	0.00262795695	0.0178279147	0	0.0945554	0	0	3
815	20	0	2.0375	0.00157711011	0.00264626527	0.00157711011	0.00413564372	0.00255853361	0.0178279147	0	0.0934911	0	0	3
820	20	0	2.05	0.0015385304	0.00261924735	0.0015385304	0.00413564372	0.00259711332	0.0178279147	0	0.0924308	0	0	3
825	20	0	2.0625	0.00150164624	0.00251812409	0.00150164624	0.00392851213	0.00242686588	0.0178279147	0	0.0913776	0	0	3
830	20	0	2.075	0.00146666329	0.00245657786	0.00146666329	0.00382923793	0.00236257464	0.0178279147	0	0.0904968	0	0	3
835	20	0	2.0875	0.00143392297	0.00239669499	0.00143392297	0.00373067196	0.002296749	0.0178279147	0	0.090351	0	0	3
840	20	0	2.1	0.00140318933	0.00233850793	0.00140318933	0.00363164197	0.00222845263	0.0178279147	0	0.090206	0	0	3
845	20	0	2.1125	0.00137399282	0.00231498317	0.00137399282	0.00363164197	0.00225764915	0.0178279147	0	0.0900618	0	0	3
850	21	0	2.125	0.00134594725	0.00222739502	0.00134594725	0.00343611485	0.0020901676	0.0178279147	0	0.0899184	0	0	3
855	21	0	2.1375	0.00131882027	0.00217446266	0.00131882027	0.00334304076	0.00202422049	0.0178279147	0	0.0897757	0	0	3
860	21	0	2.15	0.00129244493	0.00212319776	0.00129244493	0.00325451247	0.00196206754	0.0178279147	0	0.0896339	0	0	3
865	21	0	2.1625	0.00126674944	0.00207350369	0.00126674944	0.00317036119	0.00190361175	0.0178279147	0	0.0894928	0	0	3
870	21	0	2.175	0.00124172868	0.00205321649	0.00124172868	0.00317036119	0.00192863251	0.0178279147	0	0.0893525	0	0	3
875	21	0	2.1875	0.00121742265	0.00197847502	0.00121742265	0.00301288648	0.00179546383	0.0178279147	0	0.0892129	0	0	3
880	21	0	2.2	0.0011939014	0.00193300039	0.0011939014	0.00293961261	0.00174571121	0.0178279147	0	0.0890741	0	0	3
885	21	0	2.2125	0.00117112453	0.00188878819	0.00117112453	0.00287053014	0.00169940561	0.0178279147	0	0.088936	0	0	3
890	21	0	2.225	0.00114903752	0.00184575088	0.00114903752	0.00280523314	0.00165619562	0.0178279147	0	0.0887986	0	0	3
895	22	0	2.2375	0.00112767232	0.00182823677	0.00112767232	0.00280523314	0.00167756082	0.0178279147	0	0.0886619	0	0	3
900	22	0	2.25	0.00110707559	0.00176291523	0.00110707559	0.00268257067	0.00157549508	0.0178279147	0	0.0885259	0	0	3
905	22	0	2.2625	0.00108723216	0.00172303177	0.00108723216	0.00262336596	0.0015361338	0.0178279147	0	0.088391	0	0	3
910	22	0	2.275	0.00106814173	0.00168415117	0.00106814173	0.00256578583	0.0014976441	0.0178279147	0	0.0882581	0	0	3
915	22	0	2.2875	0.00104978642	0.00164625118	0.00104978642	0.00251056375	0.00146077733	0.0178279147	0	0.0881259	0	0	3
920	22	0	2.3	0.00103224346	0.00163127538	0.00103224346	0.00251056375	0.00147832029	0.0178279147	0	0.0879943	0	0	3
925	22	0	2.3125	0.00101542399	0.00157323223	0.00101542399	0.00240662794	0.00139120395	0.0178279147	0	0.0878635	0	0	3
930	22	0	2.325	0.000999253062	0.00153804786	0.000999253062	0.00235468622	0.00135543315	0.0178279147	0	0.0877332	0	0	3
935	22	0	2.3375	0.000983782277	0.00150377526	0.000983782277	0.00230044719	0.00131666491	0.0178279147	0	0.0876036	0	0	3
940	23	0	2.35	0.000968940069	0.00147048759	0.000968940069	0.00224509625	0.00127615619	0.0178279147	0	0.0874747	0	0	3
945	23	0	2.3625	0.00095469264	0.00145790722	0.00095469264	0.00224509625	0.00129040362	0.0178279147	0	0.0873463	0	0	3
950	23	0	2.375	0.000940990844	0.0014069796	0.000940990844	0.00213862808	0.00119763724	0.0178279147	0	0.0872186	0	0	3
955	23	0	2.3875	0.000927705531	0.00137670653	0.000927705531	0.00208780294	0.00116009741	0.0178279147	0	0.0870914	0	0	3
960	23	0	2.4	0.000914774029	0.00134738081	0.000914774029	0.0020379484	0.00112317437	0.0178279147	0	0.0869649	0	0	3
965	23	0	2.4125	0.000902259501	0.00131898859	0.000902259501	0.00198869091	0.00108643141	0.0178279147	0	0.0868389	0	0	3
970	23	0	2.425	0.000890200659	0.00130853035	0.000890200659	0.00198869091	0.00109849025	0.0178279147	0	0.0867135	0	0	3
975	23	0	2.4375	0.000878565607	0.00126499594	0.000878565607	0.00189106261	0.00101249701	0.0178279147	0	0.0865886	0	0	3
980	23	0	2.45	0.000867332366	0.00123940268	0.000867332366	0.0018428321	0.000975499733	0.0178279147	0	0.0864643	0	0	3
985	24	0	2.4625	0.000856477996	0.00121474383	0.000856477996	0.00179531734	0.000938839348	0.0178279147	0	0.0863405	0	0	3
990	24	0	2.475	0.00084596886	0.00119101012	0.00084596886	0.00174881582	0.000902846961	0.0178279147	0	0.0862172	0	0	3
995	24	0	2.4875	0.000835778968	0.00118234594	0.000835778968	0.00174881582	0.000913036854	0.0178279147	0	0.0860945	0	0	3
1000	24	0	2.5	0.000825893731	0.00114624246	0.000825893731	0.00165974688	0.000833853147	0.0178279147	0	0.0859723	0	0	3
1005	24	0	2.5125	0.000816304275	0.0011251564	0.000816304275	0.00161752794	0.000801223666	0.0178279147	0	0.0858506	0	0	3
1010	24	0	2.525	0.00080700307	0.00110489327	0.00080700307	0.00157711011	0.000770107041	0.0178279147	0	0.0857293	0	0	3
1015	24	0	2.5375	0.000797981587	0.00108541506	0.000797981587	0.0015385304	0.000740548815	0.0178279147	0	0.0856086	0	0	3
1020	24	0	2.55	0.000789228803	0.00106668252	0.000789228803	0.00150164624	0.000712417438	0.0178279147	0	0.0854883	0	0	3
1025	25	0	2.5625	0.000780734612	0.00104865973	0.000780734612	0.00146666329	0.000685928679	0.0178279147	0	0.0853685	0	0	3
1030	25	0	2.575	0.000772493074	0.00103130548	0.000772493074	0.00143392297	0.000661429892	0.0178279147	0	0.0852491	0	0	3
1035	25	0	2.5875	0.000764502126	0.00101456995	0.000764502126	0.00140318933	0.000638687206	0.0178279147	0	0.0851302	0	0	3
1040	25	0	2.6	0.000756748235	0.000998408927	0.000756748235	0.00137399282	0.000617244581	0.0178279147	0	0.0850117	0	0	3
1045	25	0	2.6125	0.000749215819	0.000982789502	0.000749215819	0.00134594725	0.000596731429	0.0178279147	0	0.0848936	0	0	3
1050	25	0	2.625	0.000741899757	0.000967688315	0.000741899757	0.00131882027	0.000576920512	0.0178279147	0	0.084776	0	0	3
1055	25	0	2.6375	0.000734790002	0.000953087558	0.000734790002	0.00129244493	0.000557654931	0.0178279147	0	0.0846589	0	0	3
1060	25	0	2.65	0.000727870981	0.000938973209	0.000727870981	0.00126674944	0.00053887846	0.0178279147	0	0.0845422	0	0	3
1065	25	0	2.6625	0.000721133571	0.000925332813	0.000721133571	0.00124172868	0.000520595106	0.0178279147	0	0.0844259	0	0	3
1070	26	0	2.675	0.000714573006	0.000912153921	0.000714573006	0.00121742265	0.000502849641	0.0178279147	0	0.0843101	0	0	3
1075	26	0	2.6875	0.000708181648	0.000899422896	0.000708181648	0.0011939014	0.000485719751	0.0178279147	0	0.0841946	0	0	3
1080	26	0	2.7	0.000701925079	0.000887123488	0.000701925079	0.00117112453	0.000469199453	0.0178279147	0	0.0840796	0	0	3
1085	26	0	2.7125	0.000695761856	0.000875239421	0.000695761856	0.00114903752	0.000453275669	0.0178279147	0	0.083965	0	0	3
1090	26	0	2.725	0.000689739804	0.000863756978	0.000689739804	0.00112767232	0.00043793252	0.0178279147	0	0.0838508	0	0	3
1095	26	0	2.7375	0.000683887361	0.000852662354	0.000683887361	0.00110707559	0.000423188225	0.0178279147	0	0.083737	0	0	3
1100	26	0	2.75	0.000678202629	0.00084194053	0.000678202629	0.00108723216	0.000409029532	0.0178279147	0	0.0836236	0	0	3
1105	26	0	2.7625	0.000672642539	0.000831575789	0.000672642539	0.00106814173	0.000395499189	0.0178279147	0	0.0835106	0	0	3
1110	27	0	2.775	0.00066718415	0.00082155185	0.00066718415	0.00104978642	0.000382602272	0.0178279147	0	0.083398	0	0	3
1115	27	0	2.7875	0.000661835316	0.000811853072	0.000661835316	0.00103224346	0.000370408144	0.0178279147	0	0.0832857	0	0	3
1120	27	0	2.8	0.000656627624	0.000802462676	0.000656627624	0.00101542399	0.000358796364	0.0178279147	0	0.0831738	0	0	3
1125	27	0	2.8125	0.000651549589	0.000793365816	0.000651549589	0.000999253062	0.000347703473	0.0178279147	0	0.0830622	0	0	3
1130	27	0	2.825	0.00064648309	0.000784546567	0.00064648309	0.000983782277	0.000337299187	0.0178279147	0	0.082951	0	0	3
1135	27	0	2.8375	0.000641450074	0.000775988262	0.000641450074	0.000968940069	0.000327489996	0.0178279147	0	0.0828402	0	0	3
1140	27	0	2.85	0.000636589409	0.000767679495	0.000636589409	0.00095469264	0.00031810323	0.0178279147	0	0.0827296	0	0	3
1145	27	0	2.8625	0.000631903579	0.000759609769	0.000631903579	0.000940990844	0.000309087264	0.0178279147	0	0.0826195	0	0	3
1150	27	0	2.875	0.000627377415	0.000751769433	0.000627377415	0.000927705531	0.000300328116	0.0178279147	0	0.0825096	0	0	3
1155	28	0	2.8875	0.000623009676	0.000744152037	0.000623009676	0.000914774029	0.000291764353	0.0178279147	0	0.0824001	0	0	3
1160	28	0	2.9	0.000618776258	0.000736752093	0.000618776258	0.000902259501	0.000283483243	0.0178279147	0	0.082291	0	0	3
1165	28	0	2.9125	0.000614644052	0.000729561706	0.000614644052	0.000890200659	0.000275556607	0.0178279147	0	0.0821821	0	0	3
1170	28	0	2.925	0.000610588391	0.0007225714	0.000610588391	0.000878565607	0.000267977216	0.0178279147	0	0.0820736	0	0	3
1175	28	0	2.9375	0.000606598263	0.000715772216	0.000606598263	0.000867332366	0.000260734103	0.0178279147	0	0.0819653	0	0	3
1180	28	0	2.95	0.000602672775	0.000709155726	0.000602672775	0.000856477996	0.000253805222	0.0178279147	0	0.0818574	0	0	3
1185	28	0	2.9625	0.000598811575	0.000702714066	0.000598811575	0.00084596886	0.000247157286	0.0178279147	0	0.0817498	0	0	3
1190	28	0	2.975	0.000595015859	0.000696440241	0.000595015859	0.000835778968	0.000240763109	0.0178279147	0	0.0816424	0	0	3
1195	28	0	2.9875	0.000591288526	0.00069032798	0.000591288526	0.000825893731	0.000234605205	0.0178279147	0	0.0815354	0	0	3
1200	29	0	3	0.000587630869	0.000684371408	0.000587630869	0.000816304275	0.000228673407	0.0178279147	0	0.0814286	0	0	3
1205	29	0	3.0125	0.000584042006	0.000678564851	0.000584042006	0.00080700307	0.000222961063	0.0178279147	0	0.0813221	0	0	3
1210	29	0	3.025	0.000580521559	0.000672902814	0.000580521559	0.000797981587	0.000217460028	0.0178279147	0	0.0812159	0	0	3
1215	29	0	3.0375	0.000577069564	0.000667380013	0.000577069564	0.000789228803	0.000212159239	0.0178279147	0	0.0811099	0	0	3
1220	29	0	3.05	0.000573685667	0.000661991435	0.000573685667	0.000780734612	0.000207048944	0.0178279147	0	0.0810043	0	0	3
1225	29	0	3.0625	0.000570367888	0.000656732267	0.000570367888	0.000772493074	0.000202125186	0.0178279147	0	0.0808989	0	0	3
1230	29	0	3.075	0.000567114034	0.000651597791	0.000567114034	0.000764502126	0.000197388093	0.0178279147	0	0.0807938	0	0	3
1235	29	0	3.0875	0.000563922836	0.000646583308	0.000563922836	0.000756748235	0.000192825399	0.0178279147	0	0.0806889	0	0	3
1240	29	0	3.1	0.000560792899	0.000641684425	0.000560792899	0.000749215819	0.000188422921	0.0178279147	0	0.0805843	0	0	3
1245	30	0	3.1125	0.000557722932	0.000636897103	0.000557722932	0.000741899757	0.000184176825	0.0178279147	0	0.08048	0	0	3
1250	30	0	3.125	0.000554712067	0.00063221741	0.000554712067	0.000734790002	0.000180077935	0.0178279147	0	0.080376	0	0	3
1255	30	0	3.1375	0.000551759701	0.000627641653	0.000551759701	0.000727870981	0.00017611128	0.0178279147	0	0.0802722	0	0	3
1260	30	0	3.15	0.000548865217	0.000623166509	0.000548865217	0.000721133571	0.000172268354	0.0178279147	0	0.0801686	0	0	3
1265	30	0	3.1625	0.000546027803	0.000618788865	0.000546027803	0.000714573006	0.000168545202	0.0178279147	0	0.0800653	0	0	3
1270	30	0	3.175	0.000543246554	0.000614505703	0.000543246554	0.000708181648	0.000164935094	0.0178279147	0	0.0799623	0	0	3
1275	30	0	3.1875	0.000540520646	0.000610314178	0.000540520646	0.000701925079	0.000161404433	0.0178279147	0	0.0798595	0	0	3
1280	30	0	3.2	0.000537849378	0.000606212286	0.000537849378	0.000695761856	0.000157912478	0.0178279147	0	0.0797569	0	0	3
1285	31	0	3.2125	0.000535232095	0.000602199042	0.000535232095	0.000689739804	0.00015450771	0.0178279147	0	0.0796546	0	0	3
1290	31	0	3.225	0.000532668131	0.00059827225	0.000532668131	0.000683887361	0.00015121923	0.0178279147	0	0.0795525	0	0	3
1295	31	0	3.2375	0.000530156685	0.000594428983	0.000530156685	0.000678202629	0.000148045944	0.0178279147	0	0.0794507	0	0	3
1300	31	0	3.25	0.000527696925	0.00059066634	0.000527696925	0.000672642539	0.000144945614	0.0178279147	0	0.0793491	0	0	3
1305	31	0	3.2625	0.000525287905	0.000586982474	0.000525287905	0.00066718415	0.000141896245	0.0178279147	0	0.0792477	0	0	3
1310	31	0	3.275	0.00052292865	0.000583376087	0.00052292865	0.000661835316	0.000138906666	0.0178279147	0	0.0791465	0	0	3
1315	31	0	3.2875	0.000520618295	0.000579845661	0.000520618295	0.000656627624	0.000136009329	0.0178279147	0	0.0790456	0	0	3
1320	31	0	3.3	0.000518355986	0.00057638887	0.000518355986	0.000651549589	0.000133193603	0.0178279147	0	0.0789449	0	0	3
1325	31	0	3.3125	0.000516140846	0.000573003652	0.000516140846	0.00064648309	0.000130342244	0.0178279147	0	0.0788444	0	0	3
1330	32	0	3.325	0.000513971827	0.00056969087	0.000513971827	0.000641450074	0.000127478247	0.0178279147	0	0.0787441	0	0	3
1335	32	0	3.3375	0.000511847823	0.000566450814	0.000511847823	0.000636589409	0.000124741587	0.0178279147	0	0.0786441	0	0	3
1340	32	0	3.35	0.000509767825	0.000563280274	0.000509767825	0.000631903579	0.000122135754	0.0178279147	0	0.0785442	0	0	3
