Iteration	CPUTime	PhysTime	Travels	Value	AvValue	MinValue	MaxValue	Delta	Criteria	Progress	dGMaxMin	CriteriaType	CriteriaVarType	CriteriaPercentage
1	0	0	0.0025	0	0	0	0	0	0	0	0	0	0	3
5	0	0	0.0125	0	0	0	0	0	0	0	0	0	0	3
10	0	0	0.025	0	0	0	0	0	0	0	0	0	0	3
15	0	0	0.0375	0	0	0	0	0	0	0	0	0	0	3
20	0	0	0.05	0	0	0	0	0	0	0	0	0	0	3
25	0	0	0.0625	0	0	0	0	0	0	0	0	0	0	3
30	1	0	0.075	0	0	0	0	0	0	0	0	0	0	3
35	1	0	0.0875	0	0	0	0	0	0	0	0	0	0	3
40	1	0	0.1	0	0	0	0	0	0	0	0	0	0	3
45	1	0	0.1125	0	0	0	0	0	0	0	0	0	0	3
50	1	0	0.125	0	0	0	0	0	0	0	0	0	0	3
55	1	0	0.1375	0	0	0	0	0	0	0	0	0	0	3
60	1	0	0.15	0	0	0	0	0	0	0	0	0	0	3
65	1	0	0.1625	0	0	0	0	0	0	0	0	0	0	3
70	2	0	0.175	0	0	0	0	0	0	0	0	0	0	3
75	2	0	0.1875	0	0	0	0	0	0	0	0	0	0	3
80	2	0	0.2	0	0	0	0	0	0	0	0	0	0	3
85	2	0	0.2125	0	0	0	0	0	0	0	0	0	0	3
90	2	0	0.225	0	0	0	0	0	0	0	0	0	0	3
95	2	0	0.2375	0	0	0	0	0	0	0	0	0	0	3
100	2	0	0.25	0	0	0	0	0	0	0	0	0	0	3
105	2	0	0.2625	0	0	0	0	0	0	0	0	0	0	3
110	3	0	0.275	0	0	0	0	0	0	0	0	0	0	3
115	3	0	0.2875	0	0	0	0	0	0	0	0	0	0	3
120	3	0	0.3	0	0	0	0	0	0	0	0	0	0	3
125	3	0	0.3125	0	0	0	0	0	0	0	0	0	0	3
130	3	0	0.325	0	0	0	0	0	0	0	0	0	0	3
135	3	0	0.3375	0	0	0	0	0	0	0	0	0	0	3
140	3	0	0.35	0	0	0	0	0	0	0	0	0	0	3
145	3	0	0.3625	0	0	0	0	0	0	0	0	0	0	3
150	4	0	0.375	0	0	0	0	0	0	0	0	0	0	3
155	4	0	0.3875	0	0	0	0	0	0	0	0	0	0	3
160	4	0	0.4	0	0	0	0	0	0	0	0	0	0	3
165	4	0	0.4125	0	0	0	0	0	0	0	0	0	0	3
170	4	0	0.425	0	0	0	0	0	0	0	0	0	0	3
175	4	0	0.4375	0	0	0	0	0	0	0	0	0	0	3
180	4	0	0.45	0	0	0	0	0	0	0	0	0	0	3
185	4	0	0.4625	0	0	0	0	0	0	0	0	0	0	3
190	5	0	0.475	0	0	0	0	0	0	0	0	0	0	3
195	5	0	0.4875	0	0	0	0	0	0	0	0	0	0	3
200	5	0	0.5	0	0	0	0	0	0	0	0	0	0	3
205	5	0	0.5125	0	0	0	0	0	0	0	0	0	0	3
210	5	0	0.525	0	0	0	0	0	0	0	0	0	0	3
215	5	0	0.5375	0	0	0	0	0	0	0	0	0	0	3
220	5	0	0.55	0	0	0	0	0	0	0	0	0	0	3
225	5	0	0.5625	0	0	0	0	0	0	0	0	0	0	3
230	6	0	0.575	0	0	0	0	0	0	0	0	0	0	3
235	6	0	0.5875	0	0	0	0	0	0	0	0	0	0	3
240	6	0	0.6	0	0	0	0	0	0	0	0	0	0	3
245	6	0	0.6125	0	0	0	0	0	0	0	0	0	0	3
250	6	0	0.625	0	0	0	0	0	0	0	0	0	0	3
255	6	0	0.6375	0	0	0	0	0	0	0	0	0	0	3
260	6	0	0.65	0	0	0	0	0	0	0	0	0	0	3
265	6	0	0.6625	0	0	0	0	0	0	0	0	0	0	3
270	6	0	0.675	0	0	0	0	0	0	0	0	0	0	3
275	7	0	0.6875	0	0	0	0	0	0	0	0	0	0	3
280	7	0	0.7	0	0	0	0	0	0	0	0	0	0	3
285	7	0	0.7125	0	0	0	0	0	0	0	0	0	0	3
290	7	0	0.725	0	0	0	0	0	0	0	0	0	0	3
295	7	0	0.7375	0	0	0	0	0	0	0	0	0	0	3
300	7	0	0.75	0	0	0	0	0	0	0	0	0	0	3
305	7	0	0.7625	0	0	0	0	0	0	0	0	0	0	3
310	8	0	0.775	0	0	0	0	0	0	0	0	0	0	3
315	8	0	0.7875	0	0	0	0	0	0	0	0	0	0	3
320	8	0	0.8	0	0	0	0	0	0	0	0	0	0	3
325	8	0	0.8125	0	0	0	0	0	0	0	0	0	0	3
330	8	0	0.825	0	0	0	0	0	0	0	0	0	0	3
335	8	0	0.8375	0	0	0	0	0	0	0	0	0	0	3
340	8	0	0.85	0	0	0	0	0	0	0	0	0	0	3
345	8	0	0.8625	0	0	0	0	0	0	0	0	0	0	3
350	8	0	0.875	0	0	0	0	0	0	0	0	0	0	3
355	9	0	0.8875	0	0	0	0	0	0	0	0	0	0	3
360	9	0	0.9	0	0	0	0	0	0	0	0	0	0	3
365	9	0	0.9125	0	0	0	0	0	0	0	0	0	0	3
370	9	0	0.925	0	0	0	0	0	0	0	0	0	0	3
375	9	0	0.9375	0	0	0	0	0	0	0	0	0	0	3
380	9	0	0.95	0	0	0	0	0	0	0	0	0	0	3
385	9	0	0.9625	0	0	0	0	0	0	0	0	0	0	3
390	9	0	0.975	0	0	0	0	0	0	0	0	0	0	3
395	10	0	0.9875	0	0	0	0	0	0	0	0	0	0	3
400	10	0	1	0	0	0	0	0	5e-006	0	0	0	0	3
405	10	0	1.0125	0	0	0	0	0	5e-006	0	0	0	0	3
410	10	0	1.025	0	0	0	0	0	5e-006	0	0	0	0	3
415	10	0	1.0375	0	0	0	0	0	5e-006	0	0	0	0	3
420	10	0	1.05	0	0	0	0	0	5e-006	0	0	0	0	3
425	10	0	1.0625	0	0	0	0	0	5e-006	0	0	0	0	3
430	10	0	1.075	0	0	0	0	0	5e-006	0	0	0	0	3
435	11	0	1.0875	0	0	0	0	0	5e-006	0	0	0	0	3
440	11	0	1.1	0	0	0	0	0	5e-006	0	0	0	0	3
445	11	0	1.1125	0	0	0	0	0	5e-006	0	0	0	0	3
450	11	0	1.125	0	0	0	0	0	5e-006	0	0	0	0	3
455	11	0	1.1375	0	0	0	0	0	5e-006	0	0	0	0	3
460	11	0	1.15	0	0	0	0	0	5e-006	0	0	0	0	3
465	11	0	1.1625	0	0	0	0	0	5e-006	0	0	0	0	3
470	11	0	1.175	0	0	0	0	0	5e-006	0	0	0	0	3
475	11	0	1.1875	0	0	0	0	0	5e-006	0	0	0	0	3
480	12	0	1.2	0	0	0	0	0	5e-006	0	0	0	0	3
485	12	0	1.2125	0	0	0	0	0	5e-006	0	0	0	0	3
490	12	0	1.225	0	0	0	0	0	5e-006	0	0	0	0	3
495	12	0	1.2375	0	0	0	0	0	5e-006	0	0	0	0	3
500	12	0	1.25	0	0	0	0	0	5e-006	0	0	0	0	3
505	12	0	1.2625	0	0	0	0	0	5e-006	0	0	0	0	3
510	12	0	1.275	0	0	0	0	0	5e-006	0	0	0	0	3
515	12	0	1.2875	0	0	0	0	0	5e-006	0	0	0	0	3
520	13	0	1.3	0	0	0	0	0	5e-006	0	0	0	0	3
525	13	0	1.3125	0	0	0	0	0	5e-006	0	0	0	0	3
530	13	0	1.325	0	0	0	0	0	5e-006	0	0	0	0	3
535	13	0	1.3375	0	0	0	0	0	5e-006	0	0	0	0	3
540	13	0	1.35	0	0	0	0	0	5e-006	0	0	0	0	3
545	13	0	1.3625	0	0	0	0	0	5e-006	0	0	0	0	3
550	13	0	1.375	0	0	0	0	0	5e-006	0	0	0	0	3
555	13	0	1.3875	0	0	0	0	0	5e-006	0	0	0	0	3
560	13	0	1.4	0	0	0	0	0	5e-006	0	0	0	0	3
565	14	0	1.4125	0	0	0	0	0	5e-006	0	0	0	0	3
570	14	0	1.425	0	0	0	0	0	5e-006	0	0	0	0	3
575	14	0	1.4375	0	0	0	0	0	5e-006	0	0	0	0	3
580	14	0	1.45	0	0	0	0	0	5e-006	0	0	0	0	3
585	14	0	1.4625	0	0	0	0	0	5e-006	0	0	0	0	3
590	14	0	1.475	0	0	0	0	0	5e-006	0	0	0	0	3
595	14	0	1.4875	0	0	0	0	0	5e-006	0	0	0	0	3
600	14	0	1.5	0	0	0	0	0	5e-006	0	0	0	0	3
605	15	0	1.5125	0	0	0	0	0	5e-006	0	0	0	0	3
610	15	0	1.525	0	0	0	0	0	5e-006	0	0	0	0	3
615	15	0	1.5375	0	0	0	0	0	5e-006	0	0	0	0	3
620	15	0	1.55	0	0	0	0	0	5e-006	0	0	0	0	3
625	15	0	1.5625	0	0	0	0	0	5e-006	0	0	0	0	3
630	15	0	1.575	0	0	0	0	0	5e-006	0	0	0	0	3
635	15	0	1.5875	0	0	0	0	0	5e-006	0	0	0	0	3
640	15	0	1.6	0	0	0	0	0	5e-006	0	0	0	0	3
645	16	0	1.6125	0	0	0	0	0	5e-006	0	0	0	0	3
650	16	0	1.625	0	0	0	0	0	5e-006	0	0	0	0	3
655	16	0	1.6375	0	0	0	0	0	5e-006	0	0	0	0	3
660	16	0	1.65	0	0	0	0	0	5e-006	0	0	0	0	3
665	16	0	1.6625	0	0	0	0	0	5e-006	0	0	0	0	3
670	16	0	1.675	0	0	0	0	0	5e-006	0	0	0	0	3
675	16	0	1.6875	0	0	0	0	0	5e-006	0	0	0	0	3
680	16	0	1.7	0	0	0	0	0	5e-006	0	0	0	0	3
685	17	0	1.7125	0	0	0	0	0	5e-006	0	0	0	0	3
690	17	0	1.725	0	0	0	0	0	5e-006	0	0	0	0	3
695	17	0	1.7375	0	0	0	0	0	5e-006	0	0	0	0	3
700	17	0	1.75	0	0	0	0	0	5e-006	0	0	0	0	3
705	17	0	1.7625	0	0	0	0	0	5e-006	0	0	0	0	3
710	17	0	1.775	0	0	0	0	0	5e-006	0	0	0	0	3
715	17	0	1.7875	0	0	0	0	0	5e-006	0	0	0	0	3
720	18	0	1.8	0	0	0	0	0	5e-006	0	0	0	0	3
725	18	0	1.8125	0	0	0	0	0	5e-006	0	0	0	0	3
730	18	0	1.825	0	0	0	0	0	5e-006	0	0	0	0	3
735	18	0	1.8375	0	0	0	0	0	5e-006	0	0	0	0	3
740	18	0	1.85	0	0	0	0	0	5e-006	0	0	0	0	3
745	18	0	1.8625	0	0	0	0	0	5e-006	0	0	0	0	3
750	18	0	1.875	0	0	0	0	0	5e-006	0	0	0	0	3
755	18	0	1.8875	0	0	0	0	0	5e-006	0	0	0	0	3
760	18	0	1.9	0	0	0	0	0	5e-006	0	0	0	0	3
765	19	0	1.9125	0	0	0	0	0	5e-006	0	0	0	0	3
770	19	0	1.925	0	0	0	0	0	5e-006	0	0	0	0	3
775	19	0	1.9375	0	0	0	0	0	5e-006	0	0	0	0	3
780	19	0	1.95	0	0	0	0	0	5e-006	0	0	0	0	3
785	19	0	1.9625	0	0	0	0	0	5e-006	0	0	0	0	3
790	19	0	1.975	0	0	0	0	0	5e-006	0	0	0	0	3
795	19	0	1.9875	0	0	0	0	0	5e-006	0	0	0	0	3
800	19	0	2	0	0	0	0	0	5e-006	0	0	0	0	3
805	19	0	2.0125	0	0	0	0	0	5e-006	0	0	0	0	3
810	20	0	2.025	0	0	0	0	0	5e-006	0	0	0	0	3
815	20	0	2.0375	0	0	0	0	0	5e-006	0	0	0	0	3
820	20	0	2.05	0	0	0	0	0	5e-006	0	0	0	0	3
825	20	0	2.0625	0	0	0	0	0	5e-006	0	0	0	0	3
830	20	0	2.075	0	0	0	0	0	5e-006	0	0	0	0	3
835	20	0	2.0875	0	0	0	0	0	5e-006	0	0	0	0	3
840	20	0	2.1	0	0	0	0	0	5e-006	0	0	0	0	3
845	20	0	2.1125	0	0	0	0	0	5e-006	0	0	0	0	3
850	21	0	2.125	0	0	0	0	0	5e-006	0	0	0	0	3
855	21	0	2.1375	0	0	0	0	0	5e-006	0	0	0	0	3
860	21	0	2.15	0	0	0	0	0	5e-006	0	0	0	0	3
865	21	0	2.1625	0	0	0	0	0	5e-006	0	0	0	0	3
870	21	0	2.175	0	0	0	0	0	5e-006	0	0	0	0	3
875	21	0	2.1875	0	0	0	0	0	5e-006	0	0	0	0	3
880	21	0	2.2	0	0	0	0	0	5e-006	0	0	0	0	3
885	21	0	2.2125	0	0	0	0	0	5e-006	0	0	0	0	3
890	21	0	2.225	0	0	0	0	0	5e-006	0	0	0	0	3
895	22	0	2.2375	0	0	0	0	0	5e-006	0	0	0	0	3
900	22	0	2.25	0	0	0	0	0	5e-006	0	0	0	0	3
905	22	0	2.2625	0	0	0	0	0	5e-006	0	0	0	0	3
910	22	0	2.275	0	0	0	0	0	5e-006	0	0	0	0	3
915	22	0	2.2875	0	0	0	0	0	5e-006	0	0	0	0	3
920	22	0	2.3	0	0	0	0	0	5e-006	0	0	0	0	3
925	22	0	2.3125	0	0	0	0	0	5e-006	0	0	0	0	3
930	22	0	2.325	0	0	0	0	0	5e-006	0	0	0	0	3
935	22	0	2.3375	0	0	0	0	0	5e-006	0	0	0	0	3
940	23	0	2.35	0	0	0	0	0	5e-006	0	0	0	0	3
945	23	0	2.3625	0	0	0	0	0	5e-006	0	0	0	0	3
950	23	0	2.375	0	0	0	0	0	5e-006	0	0	0	0	3
955	23	0	2.3875	0	0	0	0	0	5e-006	0	0	0	0	3
960	23	0	2.4	0	0	0	0	0	5e-006	0	0	0	0	3
965	23	0	2.4125	0	0	0	0	0	5e-006	0	0	0	0	3
970	23	0	2.425	0	0	0	0	0	5e-006	0	0	0	0	3
975	23	0	2.4375	0	0	0	0	0	5e-006	0	0	0	0	3
980	23	0	2.45	0	0	0	0	0	5e-006	0	0	0	0	3
985	24	0	2.4625	0	0	0	0	0	5e-006	0	0	0	0	3
990	24	0	2.475	0	0	0	0	0	5e-006	0	0	0	0	3
995	24	0	2.4875	0	0	0	0	0	5e-006	0	0	0	0	3
1000	24	0	2.5	0	0	0	0	0	5e-006	0	0	0	0	3
1005	24	0	2.5125	0	0	0	0	0	5e-006	0	0	0	0	3
1010	24	0	2.525	0	0	0	0	0	5e-006	0	0	0	0	3
1015	24	0	2.5375	0	0	0	0	0	5e-006	0	0	0	0	3
1020	24	0	2.55	0	0	0	0	0	5e-006	0	0	0	0	3
1025	25	0	2.5625	0	0	0	0	0	5e-006	0	0	0	0	3
1030	25	0	2.575	0	0	0	0	0	5e-006	0	0	0	0	3
1035	25	0	2.5875	0	0	0	0	0	5e-006	0	0	0	0	3
1040	25	0	2.6	0	0	0	0	0	5e-006	0	0	0	0	3
1045	25	0	2.6125	0	0	0	0	0	5e-006	0	0	0	0	3
1050	25	0	2.625	0	0	0	0	0	5e-006	0	0	0	0	3
1055	25	0	2.6375	0	0	0	0	0	5e-006	0	0	0	0	3
1060	25	0	2.65	0	0	0	0	0	5e-006	0	0	0	0	3
1065	25	0	2.6625	0	0	0	0	0	5e-006	0	0	0	0	3
1070	26	0	2.675	0	0	0	0	0	5e-006	0	0	0	0	3
1075	26	0	2.6875	0	0	0	0	0	5e-006	0	0	0	0	3
1080	26	0	2.7	0	0	0	0	0	5e-006	0	0	0	0	3
1085	26	0	2.7125	0	0	0	0	0	5e-006	0	0	0	0	3
1090	26	0	2.725	0	0	0	0	0	5e-006	0	0	0	0	3
1095	26	0	2.7375	0	0	0	0	0	5e-006	0	0	0	0	3
1100	26	0	2.75	0	0	0	0	0	5e-006	0	0	0	0	3
1105	26	0	2.7625	0	0	0	0	0	5e-006	0	0	0	0	3
1110	27	0	2.775	0	0	0	0	0	5e-006	0	0	0	0	3
1115	27	0	2.7875	0	0	0	0	0	5e-006	0	0	0	0	3
1120	27	0	2.8	0	0	0	0	0	5e-006	0	0	0	0	3
1125	27	0	2.8125	0	0	0	0	0	5e-006	0	0	0	0	3
1130	27	0	2.825	0	0	0	0	0	5e-006	0	0	0	0	3
1135	27	0	2.8375	0	0	0	0	0	5e-006	0	0	0	0	3
1140	27	0	2.85	0	0	0	0	0	5e-006	0	0	0	0	3
1145	27	0	2.8625	0	0	0	0	0	5e-006	0	0	0	0	3
1150	27	0	2.875	0	0	0	0	0	5e-006	0	0	0	0	3
1155	28	0	2.8875	0	0	0	0	0	5e-006	0	0	0	0	3
1160	28	0	2.9	0	0	0	0	0	5e-006	0	0	0	0	3
1165	28	0	2.9125	0	0	0	0	0	5e-006	0	0	0	0	3
1170	28	0	2.925	0	0	0	0	0	5e-006	0	0	0	0	3
1175	28	0	2.9375	0	0	0	0	0	5e-006	0	0	0	0	3
1180	28	0	2.95	0	0	0	0	0	5e-006	0	0	0	0	3
1185	28	0	2.9625	0	0	0	0	0	5e-006	0	0	0	0	3
1190	28	0	2.975	0	0	0	0	0	5e-006	0	0	0	0	3
1195	28	0	2.9875	0	0	0	0	0	5e-006	0	0	0	0	3
1200	29	0	3	0	0	0	0	0	5e-006	0	0	0	0	3
1205	29	0	3.0125	0	0	0	0	0	5e-006	0	0	0	0	3
1210	29	0	3.025	0	0	0	0	0	5e-006	0	0	0	0	3
1215	29	0	3.0375	0	0	0	0	0	5e-006	0	0	0	0	3
1220	29	0	3.05	0	0	0	0	0	5e-006	0	0	0	0	3
1225	29	0	3.0625	0	0	0	0	0	5e-006	0	0	0	0	3
1230	29	0	3.075	0	0	0	0	0	5e-006	0	0	0	0	3
1235	29	0	3.0875	0	0	0	0	0	5e-006	0	0	0	0	3
1240	29	0	3.1	0	0	0	0	0	5e-006	0	0	0	0	3
1245	30	0	3.1125	0	0	0	0	0	5e-006	0	0	0	0	3
1250	30	0	3.125	0	0	0	0	0	5e-006	0	0	0	0	3
1255	30	0	3.1375	0	0	0	0	0	5e-006	0	0	0	0	3
1260	30	0	3.15	0	0	0	0	0	5e-006	0	0	0	0	3
1265	30	0	3.1625	0	0	0	0	0	5e-006	0	0	0	0	3
1270	30	0	3.175	0	0	0	0	0	5e-006	0	0	0	0	3
1275	30	0	3.1875	0	0	0	0	0	5e-006	0	0	0	0	3
1280	30	0	3.2	0	0	0	0	0	5e-006	0	0	0	0	3
1285	31	0	3.2125	0	0	0	0	0	5e-006	0	0	0	0	3
1290	31	0	3.225	0	0	0	0	0	5e-006	0	0	0	0	3
1295	31	0	3.2375	0	0	0	0	0	5e-006	0	0	0	0	3
1300	31	0	3.25	0	0	0	0	0	5e-006	0	0	0	0	3
1305	31	0	3.2625	0	0	0	0	0	5e-006	0	0	0	0	3
1310	31	0	3.275	0	0	0	0	0	5e-006	0	0	0	0	3
1315	31	0	3.2875	0	0	0	0	0	5e-006	0	0	0	0	3
1320	31	0	3.3	0	0	0	0	0	5e-006	0	0	0	0	3
1325	31	0	3.3125	0	0	0	0	0	5e-006	0	0	0	0	3
1330	32	0	3.325	0	0	0	0	0	5e-006	0	0	0	0	3
1335	32	0	3.3375	0	0	0	0	0	5e-006	0	0	0	0	3
1340	32	0	3.35	0	0	0	0	0	5e-006	0	0	0	0	3
