Iteration	CPUTime	PhysTime	Travels	Value	AvValue	MinValue	MaxValue	Delta	Criteria	Progress	dGMaxMin	CriteriaType	CriteriaVarType	CriteriaPercentage
1	0	0	0.0025	1.11813411e-028	1.11813411e-028	1.11813411e-028	1.11813411e-028	0	0	0	23323.5	0	0	3
5	0	0	0.0125	7.84569876e-027	3.97875608e-027	1.11813411e-028	7.84569876e-027	3.86694267e-027	0	0	23323.5	0	0	3
10	0	0	0.025	3.85307277e-026	1.549608e-026	1.11813411e-028	3.85307277e-026	1.53842665e-026	0	0	23323.5	0	0	3
15	0	0	0.0375	2.29366031e-025	6.89635676e-026	1.11813411e-028	2.29366031e-025	6.88517542e-026	0	0	23323.5	0	0	3
20	0	0	0.05	1.63938897e-024	3.83048647e-025	1.11813411e-028	1.63938897e-024	3.82936834e-025	0	0	23323.5	0	0	3
25	0	0	0.0625	3.46350701e-023	6.0917189e-024	1.11813411e-028	3.46350701e-023	6.09160708e-024	0	0	23323.5	0	0	3
30	1	0	0.075	6.15520802e-019	8.79367646e-020	1.11813411e-028	6.15520802e-019	8.79367645e-020	0	0	23323.5	0	0	3
35	1	0	0.0875	1.14459701e-015	1.4315157e-016	1.11813411e-028	1.14459701e-015	1.4315157e-016	0	0	23323.5	0	0	3
40	1	0	0.1	4.58772844e-013	5.11020063e-014	1.11813411e-028	4.58772844e-013	5.11020063e-014	0	0	23323.5	0	0	3
45	1	0	0.1125	6.73883329e-011	6.7848251e-012	1.11813411e-028	6.73883329e-011	6.7848251e-012	0	0	25502.8	0	0	3
50	1	0	0.125	4.84097997e-009	4.46257111e-010	1.11813411e-028	4.84097997e-009	4.46257111e-010	0	0	31753.9	0	0	3
55	1	0	0.1375	2.06216222e-007	1.75937542e-008	1.11813411e-028	2.06216222e-007	1.75937542e-008	0	0	38794.1	0	0	3
60	1	0	0.15	5.87150149e-006	4.67894349e-007	1.11813411e-028	5.87150149e-006	4.67894349e-007	0	0	46822.5	0	0	3
65	1	0	0.1625	0.000118140216	8.87306016e-006	1.11813411e-028	0.000118140216	8.87306016e-006	0	0	53788.4	0	0	3
70	2	0	0.175	0.00176315063	0.000125824898	1.11813411e-028	0.00176315063	0.000125824898	0	0	59607.9	0	0	3
75	2	0	0.1875	0.0200604197	0.00137173707	1.11813411e-028	0.0200604197	0.00137173707	0	0	65953.6	0	0	3
80	2	0	0.2	0.178046737	0.0117643841	1.11813411e-028	0.178046737	0.0117643841	0	0	72743.5	0	0	3
85	2	0	0.2125	1.26129584	0.0811827982	1.11813411e-028	1.26129584	0.0811827982	0	0	79241.7	0	0	3
90	2	0	0.225	7.26967359	0.459524419	1.11813411e-028	7.26967359	0.459524419	0	0	85267.9	0	0	3
95	2	0	0.2375	34.344914	2.1537939	1.11813411e-028	34.344914	2.1537939	0	0	90725.5	0	0	3
100	2	0	0.25	139.381588	8.68845075	1.11813411e-028	139.381588	8.68845075	0	0	95849.5	0	0	3
105	2	0	0.2625	461.877385	29.2879477	1.11813411e-028	461.877385	29.2879477	0	0	100592	0	0	3
110	3	0	0.275	1265.03957	83.0162791	1.11813411e-028	1265.03957	83.0162791	0	0	105320	0	0	3
115	3	0	0.2875	2920.05952	201.226414	1.11813411e-028	2920.05952	201.226414	0	0	110808	0	0	3
120	3	0	0.3	5721.52998	422.038557	1.11813411e-028	5721.52998	422.038557	0	0	116409	0	0	3
125	3	0	0.3125	9484.53406	770.596076	1.11813411e-028	9484.53406	770.596076	0	0	122529	0	0	3
130	3	0	0.325	13592.7473	1245.49057	1.11813411e-028	13592.7473	1245.49057	0	0	129131	0	0	3
135	3	0	0.3375	17484.9671	1825.47187	1.11813411e-028	17484.9671	1825.47187	0	0	135614	0	0	3
140	3	0	0.35	20843.1882	2481.25519	1.11813411e-028	20843.1882	2481.25519	0	0	141662	0	0	3
145	3	0	0.3625	23569.5395	3184.198	1.11813411e-028	23569.5395	3184.198	0	0	147560	0	0	3
150	4	0	0.375	25616.4008	3907.81744	1.11813411e-028	25616.4008	3907.81744	0	0	153144	0	0	3
155	4	0	0.3875	27042.5869	4630.77899	1.11813411e-028	27042.5869	4630.77899	0	0	158209	0	0	3
160	4	0	0.4	28052.7984	5340.53715	1.11813411e-028	28052.7984	5340.53715	0	0	162760	0	0	3
165	4	0	0.4125	28787.6967	6030.15949	1.11813411e-028	28787.6967	6030.15949	0	0	166796	0	0	3
170	4	0	0.425	29381.4747	6697.33993	1.11813411e-028	29381.4747	6697.33993	0	0	170587	0	0	3
175	4	0	0.4375	29926.6848	7342.59951	1.11813411e-028	29926.6848	7342.59951	0	0	174199	0	0	3
180	4	0	0.45	30476.1649	7967.831	1.11813411e-028	30476.1649	7967.831	0	0	177739	0	0	3
185	4	0	0.4625	31062.6853	8575.59033	1.11813411e-028	31062.6853	8575.59033	0	0	181216	0	0	3
190	5	0	0.475	31734.4147	9169.40634	1.11813411e-028	31734.4147	9169.40634	0	0	184538	0	0	3
195	5	0	0.4875	32374.7167	9749.53909	1.11813411e-028	32374.7167	9749.53909	0	0	187675	0	0	3
200	5	0	0.5	32930.3662	10314.9251	1.11813411e-028	32930.3662	10314.9251	0	0	190709	0	0	3
205	5	0	0.5125	33377.2543	11129.0045	7.84569876e-027	33377.2543	11129.0045	0	0	193742	0	0	3
210	5	0	0.525	33694.1398	12249.5831	2.29366031e-025	33694.1398	12249.5831	0	0	196754	0	0	3
215	5	0	0.5375	34020.7311	13100.1014	1.63938897e-024	34020.7311	13100.1014	0	0	199749	0	0	3
220	5	0	0.55	34334.1704	13958.4556	3.46350701e-023	34334.1704	13958.4556	0	0	202664	0	0	3
225	5	0	0.5625	34648.009	14824.6559	6.15520802e-019	34648.009	14824.6559	0	0	205485	0	0	3
230	6	0	0.575	35137.4882	15320.0908	6.15520802e-019	35137.4882	15320.0908	0	0	208215	0	0	3
235	6	0	0.5875	35773.7088	16597.4358	4.58772844e-013	35773.7088	16597.4358	0	0	210874	0	0	3
240	6	0	0.6	36449.181	17508.6653	6.73883329e-011	36449.181	17508.6653	0	0	213460	0	0	3
245	6	0	0.6125	36946.1956	18432.3202	4.84097997e-009	36946.1956	18432.3202	0	0	215939	0	0	3
250	6	0	0.625	37040.4976	19358.3326	2.06216222e-007	37040.4976	19358.3326	0	0	218284	0	0	3
255	6	0	0.6375	37238.6985	19794.4391	2.06216222e-007	37238.6985	19794.4391	0	0	220475	0	0	3
260	6	0	0.65	37936.6232	21237.7157	0.000118140216	37936.6232	21237.7157	0	0	222548	0	0	3
265	6	0	0.6625	38584.3803	22202.3252	0.00176315063	38584.3803	22202.3251	0	0	224594	0	0	3
270	6	0	0.675	38889.2252	23174.5558	0.0200604197	38889.2252	23174.5544	0	0	226678	0	0	3
275	7	0	0.6875	38864.0495	24146.1565	0.178046737	38889.2252	24146.1447	0	0	228784	0	0	3
280	7	0	0.7	38872.516	24505.336	0.178046737	38889.2252	24505.3242	0	0	230864	0	0	3
285	7	0	0.7125	39036.9514	26093.8572	7.26967359	39036.9514	26093.3977	0	0	232880	0	0	3
290	7	0	0.725	39268.4664	27075.3871	34.344914	39268.4664	27073.2333	0	0	234823	0	0	3
295	7	0	0.7375	39479.9985	28061.5285	139.381588	39479.9985	28052.84	0	0	236707	0	0	3
300	7	0	0.75	39624.131	29048.6472	461.877385	39624.131	29019.3593	0	0	238543	0	0	3
305	7	0	0.7625	39663.7147	29307.5513	461.877385	39663.7147	29278.2633	0	0	240340	0	0	3
310	8	0	0.775	39632.5374	30987.8806	2920.05952	39663.7147	30786.6542	0	0	242103	0	0	3
315	8	0	0.7875	39538.6539	31903.3454	5721.52998	39663.7147	31481.3069	0	0	243837	0	0	3
320	8	0	0.8	39396.1309	32745.2105	9484.53406	39663.7147	30179.1807	0	0	245542	0	0	3
325	8	0	0.8125	39214.6842	33488.4642	13592.7473	39663.7147	26070.9674	0	0	247209	0	0	3
330	8	0	0.825	39036.224	33623.7754	13592.7473	39663.7147	26070.9674	0	0	248835	0	0	3
335	8	0	0.8375	38880.7169	34659.4449	20843.1882	39663.7147	18820.5265	0	0	250437	0	0	3
340	8	0	0.85	38750.4424	35107.1262	23569.5395	39663.7147	16094.1752	0	0	252029	0	0	3
345	8	0	0.8625	38716.0343	35485.7886	25616.4008	39663.7147	14047.314	0	0	253617	0	0	3
350	8	0	0.875	38821.0495	35815.9048	27042.5869	39663.7147	12621.1278	0	0	255202	0	0	3
355	9	0	0.8875	39009.2438	35893.7911	27042.5869	39663.7147	12621.1278	0	0	256789	0	0	3
360	9	0	0.9	39271.5795	36395.5408	28787.6967	39663.7147	10876.0181	0	0	258379	0	0	3
365	9	0	0.9125	39609.4117	36666.0837	29381.4747	39663.7147	10282.24	0	0	259964	0	0	3
370	9	0	0.925	40044.8388	36932.6678	29926.6848	40044.8388	10118.154	0	0	261532	0	0	3
375	9	0	0.9375	40619.6046	37199.9908	30476.1649	40619.6046	10143.4397	0	0	263073	0	0	3
380	9	0	0.95	41297.1349	37299.9211	30476.1649	41297.1349	10820.97	0	0	264578	0	0	3
385	9	0	0.9625	42029.0397	37744.6739	31734.4147	42029.0397	10294.625	0	0	266050	0	0	3
390	9	0	0.975	42793.4477	38021.1497	32374.7167	42793.4477	10418.7311	0	0	267499	0	0	3
395	10	0	0.9875	43586.1707	38301.436	32930.3662	43586.1707	10655.8045	0	0	268931	0	0	3
400	10	0	1	44419.1127	38588.6547	33377.2543	44419.1127	11041.8584	6662.8669	60.3	270346	0	0	3
405	10	0	1.0125	45199.6282	38884.2141	33694.1398	45199.6282	11505.4884	6779.94424	58.9	271740	0	0	3
410	10	0	1.025	45952.3703	39056.6081	33694.1398	45952.3703	12258.2305	6836.39989	55.7	273113	0	0	3
415	10	0	1.0375	46718.2347	39508.1074	34334.1704	46718.2347	12384.0643	6893.51166	55.6	274465	0	0	3
420	10	0	1.05	47453.9181	39836.1011	34648.009	47453.9181	12805.9091	6949.65568	54.2	275798	0	0	3
425	10	0	1.0625	48174.9862	40174.2755	35137.4882	48174.9862	13037.4979	7004.97413	53.7	277115	0	0	3
430	10	0	1.075	48923.4461	40518.9245	35773.7088	48923.4461	13149.7373	7060.56459	53.6	278422	0	0	3
435	11	0	1.0875	49661.4592	40741.9131	35773.7088	49661.4592	13887.7504	7116.08663	51.2	279724	0	0	3
440	11	0	1.1	50445.4703	41216.0255	36946.1956	50445.4703	13499.2748	7172.42837	53.1	281022	0	0	3
445	11	0	1.1125	51184.0472	41571.9718	37040.4976	51184.0472	14143.5496	7228.55934	51.1	282310	0	0	3
450	11	0	1.125	51855.7968	41942.3542	37238.6985	51855.7968	14617.0984	7283.54036	49.8	283588	0	0	3
455	11	0	1.1375	52535.9503	42324.7855	37936.6232	52535.9503	14599.3271	7337.79965	50.2	284855	0	0	3
460	11	0	1.15	53249.6963	42591.2468	37936.6232	53249.6963	15313.0732	7391.93755	48.2	286115	0	0	3
465	11	0	1.1625	53975.8604	43092.3994	38716.0343	53975.8604	15259.8261	7446.12534	48.7	287371	0	0	3
470	11	0	1.175	54678.9564	43487.1426	38716.0343	54678.9564	15962.922	7500.10499	46.9	288623	0	0	3
475	11	0	1.1875	55363.1867	43899.6211	38716.0343	55363.1867	16647.1524	7553.72807	45.3	289864	0	0	3
480	12	0	1.2	55980.2939	44327.3155	38716.0343	55980.2939	17264.2596	7606.4235	44	291090	0	0	3
485	12	0	1.2125	56493.5039	44624.0518	38716.0343	56493.5039	17777.4696	7657.44779	43	292294	0	0	3
490	12	0	1.225	56971.8297	45206.3134	38716.0343	56971.8297	17144.7849	7706.51306	44.9	293473	0	0	3
495	12	0	1.2375	57430.7993	45655.0834	38716.0343	57430.7993	16606.4362	7753.20778	46.6	294626	0	0	3
500	12	0	1.25	57873.1007	46111.3077	38716.0343	57873.1007	16803.7564	7796.13156	46.3	295753	0	0	3
505	12	0	1.2625	58272.4346	46576.5257	38716.0343	58272.4346	15588.6451	7832.08288	50.2	296861	0	0	3
510	12	0	1.275	58652.8008	46871.069	38716.0343	58652.8008	15883.1884	7867.35931	49.5	297952	0	0	3
515	12	0	1.2875	59067.053	47540.2422	38716.0343	59067.053	14795.0318	7873.20579	53.2	299028	0	0	3
520	13	0	1.3	59533.609	48043.6792	38716.0343	59533.609	14555.215	7857.96227	53.9	300089	0	0	3
525	13	0	1.3125	59998.2538	48563.2684	38716.0343	59998.2538	14939.493	7822.07682	52.3	301135	0	0	3
530	13	0	1.325	60406.8315	49097.5336	38716.0343	60406.8315	14438.0887	7768.85385	53.8	302167	0	0	3
535	13	0	1.3375	60759.1614	49381.9636	38716.0343	60759.1614	14722.5187	7721.53071	52.4	303184	0	0	3
540	13	0	1.35	61104.4322	50203.3445	38716.0343	61104.4322	14717.5559	7646.84154	51.9	304184	0	0	3
545	13	0	1.3625	61494.442	50772.8047	38821.0495	61494.442	14956.8998	7568.73342	50.6	305164	0	0	3
550	13	0	1.375	61915.6068	51350.1686	39009.2438	61915.6068	15456.3775	7490.80741	48.4	306122	0	0	3
555	13	0	1.3875	62357.5509	51933.8763	39271.5795	62357.5509	15538.3355	7415.1592	47.7	307061	0	0	3
560	13	0	1.4	62741.4101	52197.4747	39271.5795	62741.4101	15801.9339	7346.03834	46.4	307983	0	0	3
565	14	0	1.4125	63110.1328	53108.1401	40044.8388	63110.1328	16175.4723	7276.7432	44.9	308889	0	0	3
570	14	0	1.425	63546.7477	53695.6878	40619.6046	63546.7477	16495.697	7211.04515	43.7	309781	0	0	3
575	14	0	1.4375	63977.9498	54279.6464	41297.1349	63977.9498	16979.7253	7148.59437	42.1	310662	0	0	3
580	14	0	1.45	64420.5517	54857.7318	42029.0397	64420.5517	17113.058	7089.01341	41.4	311534	0	0	3
585	14	0	1.4625	64833.6126	55101.046	42029.0397	64833.6126	17356.3721	7034.32762	40.5	312395	0	0	3
590	14	0	1.475	65200.0115	55988.0103	43586.1707	65200.0115	17686.5742	6978.78727	39.4	313241	0	0	3
595	14	0	1.4875	65629.3065	56539.0887	44419.1127	65629.3065	17950.434	6925.60916	38.5	314072	0	0	3
600	14	0	1.5	66101.1091	57081.1386	45199.6282	66101.1091	18196.9245	6875.18338	37.7	314885	0	0	3
605	15	0	1.5125	66519.7881	57614.1426	45952.3703	66519.7881	18557.5345	6827.58982	36.7	315678	0	0	3
610	15	0	1.525	66913.1673	58138.1625	46718.2347	66913.1673	18630.0551	6783.66754	36.4	316453	0	0	3
615	15	0	1.5375	67288.9428	58652.4302	47453.9181	67288.9428	18816.3291	6740.86634	35.8	317212	0	0	3
620	15	0	1.55	67617.6382	59156.5232	48174.9862	67617.6382	18982.2477	6700.0613	35.2	317953	0	0	3
625	15	0	1.5625	67945.4574	59650.785	48923.4461	67945.4574	19022.0112	6662.8669	35	318674	0	0	3
630	15	0	1.575	68281.1743	60134.7282	49661.4592	68281.1743	18619.715	6662.8669	35.7	319373	0	0	3
635	15	0	1.5875	68630.8766	60608.9636	50445.4703	68630.8766	18185.4062	6662.8669	36.6	320052	0	0	3
640	15	0	1.6	69031.0156	61073.6022	51184.0472	69031.0156	17846.9684	6662.8669	37.3	320716	0	0	3
645	16	0	1.6125	69478.4617	61530.9626	51855.7968	69478.4617	17622.6648	6662.8669	37.8	321370	0	0	3
650	16	0	1.625	69918.5282	61982.5309	52535.9503	69918.5282	17382.5779	6662.8669	38.3	322019	0	0	3
655	16	0	1.6375	70376.4819	62428.5442	53249.6963	70376.4819	17126.7856	6662.8669	38.9	322663	0	0	3
660	16	0	1.65	70866.1762	62868.9562	53975.8604	70866.1762	16890.3158	6662.8669	39.4	323300	0	0	3
665	16	0	1.6625	71337.4038	63302.9948	54678.9564	71337.4038	16658.4474	6662.8669	39.9	323919	0	0	3
670	16	0	1.675	71844.5324	63732.1342	55363.1867	71844.5324	16481.3458	6662.8669	40.4	324522	0	0	3
675	16	0	1.6875	72558.397	64162.0144	55980.2939	72558.397	16578.1031	6662.8669	40.1	325134	0	0	3
680	16	0	1.7	73395.8506	64597.4033	56493.5039	73395.8506	16902.3466	6662.8669	39.4	325731	0	0	3
685	17	0	1.7125	74037.9649	65036.0149	56971.8297	74037.9649	17066.1351	6662.8669	39	326311	0	0	3
690	17	0	1.725	74437.0416	65472.6452	57430.7993	74437.0416	17006.2423	6662.8669	39.1	326888	0	0	3
695	17	0	1.7375	74762.8459	65905.9463	57873.1007	74762.8459	16889.7452	6662.8669	39.4	327468	0	0	3
700	17	0	1.75	75297.3252	66341.5519	58272.4346	75297.3252	17024.8907	6662.8669	39.1	328053	0	0	3
705	17	0	1.7625	76017.8205	66785.1866	58652.8008	76017.8205	17365.0197	6662.8669	38.3	328639	0	0	3
710	17	0	1.775	76837.5768	67239.806	59067.053	76837.5768	17770.5238	6662.8669	37.4	329222	0	0	3
715	17	0	1.7875	77700.9475	67705.6533	59533.609	77700.9475	18167.3385	6662.8669	36.6	329799	0	0	3
720	18	0	1.8	78447.7402	68178.5066	59998.2538	78447.7402	18449.4864	6662.8669	36.1	330368	0	0	3
725	18	0	1.8125	78943.764	68652.1444	60406.8315	78943.764	18536.9325	6662.8669	35.9	330930	0	0	3
730	18	0	1.825	79196.6747	69121.8905	60759.1614	79196.6747	18437.5134	6662.8669	36.1	331484	0	0	3
735	18	0	1.8375	79429.4647	69588.648	61104.4322	79429.4647	18325.0325	6662.8669	36.3	332032	0	0	3
740	18	0	1.85	79828.5152	70056.7501	61494.442	79828.5152	18334.0732	6662.8669	36.3	332574	0	0	3
745	18	0	1.8625	80297.2373	70526.82	61915.6068	80297.2373	18381.6305	6662.8669	36.2	333112	0	0	3
750	18	0	1.875	80707.4328	70996.6156	62357.5509	80707.4328	18349.8819	6662.8669	36.3	333644	0	0	3
755	18	0	1.8875	80920.1175	71460.6798	62741.4101	80920.1175	18178.7073	6662.8669	36.6	334169	0	0	3
760	18	0	1.9	81200.2648	71922.1512	63110.1328	81200.2648	18090.132	6662.8669	36.8	334688	0	0	3
765	19	0	1.9125	81513.997	72382.2478	63546.7477	81513.997	17967.2493	6662.8669	37	335203	0	0	3
770	19	0	1.925	81772.2367	72837.885	63977.9498	81772.2367	17794.2869	6662.8669	37.4	335715	0	0	3
775	19	0	1.9375	82083.1935	73290.5161	64420.5517	82083.1935	17662.6418	6662.8669	37.7	336228	0	0	3
780	19	0	1.95	82447.2807	73741.1843	64833.6126	82447.2807	17613.6681	6662.8669	37.8	336744	0	0	3
785	19	0	1.9625	82732.5538	74188.6579	65200.0115	82732.5538	17532.5423	6662.8669	38	337261	0	0	3
790	19	0	1.975	82970.9742	74632.9319	65629.3065	82970.9742	17341.6677	6662.8669	38.4	337773	0	0	3
795	19	0	1.9875	83163.9472	75071.2979	66101.1091	83163.9472	17062.8381	6662.8669	39	338280	0	0	3
800	19	0	2	83396.199	75503.6752	66519.7881	83396.199	16876.4109	6662.8669	39.4	338781	0	0	3
805	19	0	2.0125	83668.2556	75932.3869	66913.1673	83668.2556	16755.0883	6662.8669	39.7	339275	0	0	3
810	20	0	2.025	84015.8415	76359.9537	67288.9428	84015.8415	16726.8986	6662.8669	39.8	339760	0	0	3
815	20	0	2.0375	84430.642	76788.4962	67617.6382	84430.642	16813.0039	6662.8669	39.6	340237	0	0	3
820	20	0	2.05	85055.6057	76990.133	67617.6382	85055.6057	17437.9676	6662.8669	38.2	340706	0	0	3
825	20	0	2.0625	85902.8087	77673.3792	68281.1743	85902.8087	17538.651	6662.8669	37.9	341167	0	0	3
830	20	0	2.075	86696.3932	78133.7597	68630.8766	86696.3932	17524.796	6662.8669	38	341620	0	0	3
835	20	0	2.0875	87293.5594	78600.3267	69031.0156	87293.5594	17526.7245	6662.8669	38	342066	0	0	3
840	20	0	2.1	87777.1689	79068.9806	69478.4617	87777.1689	17538.018	6662.8669	37.9	342504	0	0	3
845	20	0	2.1125	88231.1981	79292.4493	69478.4617	88231.1981	17761.4867	6662.8669	37.5	342934	0	0	3
850	21	0	2.125	88551.7389	80003.6292	70376.4819	88551.7389	17575.0851	6662.8669	37.9	343357	0	0	3
855	21	0	2.1375	88769.4388	80463.4532	70866.1762	88769.4388	17594.497	6662.8669	37.8	343773	0	0	3
860	21	0	2.15	88932.0134	80915.0991	71337.4038	88932.0134	17594.6097	6662.8669	37.8	344182	0	0	3
865	21	0	2.1625	89147.2801	81360.346	71844.5324	89147.2801	17302.7476	6662.8669	38.5	344581	0	0	3
870	21	0	2.175	89430.2342	81557.1725	71844.5324	89430.2342	17585.7018	6662.8669	37.8	344971	0	0	3
875	21	0	2.1875	89684.3876	82228.1383	73395.8506	89684.3876	16288.537	6662.8669	40.9	345351	0	0	3
880	21	0	2.2	89840.7772	82639.2615	74037.9649	89840.7772	15802.8124	6662.8669	42.1	345721	0	0	3
885	21	0	2.2125	89963.0183	83037.3878	74437.0416	89963.0183	15525.9767	6662.8669	42.9	346084	0	0	3
890	21	0	2.225	90088.5791	83428.6762	74762.8459	90088.5791	15325.7332	6662.8669	43.4	346442	0	0	3
895	22	0	2.2375	90252.65	83595.1146	74762.8459	90252.65	15489.8042	6662.8669	43	346797	0	0	3
900	22	0	2.25	90435.7184	84194.3812	76017.8205	90435.7184	14417.8979	6662.8669	46.2	347150	0	0	3
905	22	0	2.2625	90626.2695	84559.5924	76837.5768	90626.2695	13788.6927	6662.8669	48.3	347501	0	0	3
910	22	0	2.275	90815.1802	84909.0325	77700.9475	90815.1802	13114.2327	6662.8669	50.8	347850	0	0	3
915	22	0	2.2875	91002.6895	85241.576	78447.7402	91002.6895	12554.9494	6662.8669	53	348195	0	0	3
920	22	0	2.3	91109.6707	85384.7003	78447.7402	91109.6707	12661.9305	6662.8669	52.6	348536	0	0	3
925	22	0	2.3125	91230.5925	85865.295	79196.6747	91230.5925	12033.9178	6662.8669	55.3	348873	0	0	3
930	22	0	2.325	91388.4535	86170.0895	79429.4647	91388.4535	11958.9888	6662.8669	55.7	349204	0	0	3
935	22	0	2.3375	91498.2289	86471.8086	79828.5152	91498.2289	11669.7137	6662.8669	57	349530	0	0	3
940	23	0	2.35	91621.6758	86766.6376	80297.2373	91621.6758	11324.4385	6662.8669	58.8	349851	0	0	3
945	23	0	2.3625	91748.4615	86888.1455	80297.2373	91748.4615	11451.2242	6662.8669	58.1	350168	0	0	3
950	23	0	2.375	91868.2868	87331.9396	80920.1175	91868.2868	10948.1693	6662.8669	60.8	350481	0	0	3
955	23	0	2.3875	92036.4486	87609.8478	81200.2648	92036.4486	10836.1838	6662.8669	61.4	350792	0	0	3
960	23	0	2.4	92216.3407	87885.2497	81513.997	92216.3407	10702.3437	6662.8669	62.2	351098	0	0	3
965	23	0	2.4125	92370.9677	88156.674	81772.2367	92370.9677	10598.731	6662.8669	62.8	351401	0	0	3
970	23	0	2.425	92517.3002	88263.0307	81772.2367	92517.3002	10745.0635	6662.8669	62	351700	0	0	3
975	23	0	2.4375	92658.5275	88689.6839	82447.2807	92658.5275	10211.2468	6662.8669	65.2	351996	0	0	3
980	23	0	2.45	92795.4709	88948.3887	82732.5538	92795.4709	10062.917	6662.8669	66.2	352287	0	0	3
985	24	0	2.4625	92931.3587	89203.3588	82970.9742	92931.3587	9960.38452	6662.8669	66.8	352575	0	0	3
990	24	0	2.475	93049.7725	89455.3288	83163.9472	93049.7725	9885.82527	6662.8669	67.3	352859	0	0	3
995	24	0	2.4875	93176.4081	89546.0868	83163.9472	93176.4081	10012.4609	6662.8669	66.5	353139	0	0	3
1000	24	0	2.5	93290.9908	89953.0101	83668.2556	93290.9908	9622.73518	6662.8669	69.2	353416	0	0	3
1005	24	0	2.5125	93400.9915	90196.3285	84015.8415	93400.9915	9385.15009	6662.8669	70.9	353689	0	0	3
1010	24	0	2.525	93508.8214	90433.653	84430.642	93508.8214	9078.17932	6662.8669	73.3	353959	0	0	3
1015	24	0	2.5375	93614.829	90663.2577	85055.6057	93614.829	8559.22331	6662.8669	77.8	354225	0	0	3
1020	24	0	2.55	93730.2476	90880.1237	85902.8087	93730.2476	7827.43887	6662.8669	85.1	354487	0	0	3
1025	25	0	2.5625	93859.1746	91079.0329	86696.3932	93859.1746	7162.78143	6662.8669	93	354746	0	0	3
1030	25	0	2.575	93973.8743	91260.9699	87293.5594	93973.8743	6680.31481	6662.8669	99.7	355001	0	0	3
1035	25	0	2.5875	94075.4561	91430.5173	87777.1689	94075.4561	6298.28725	6662.8669	100	355253	0	0	3
1040	25	0	2.6	94170.2442	91590.3442	88231.1981	94170.2442	5939.04612	6662.8669	100	355502	0	0	3
1045	25	0	2.6125	94263.3328	91741.1476	88551.7389	94263.3328	5711.59387	6662.8669	100	355748	0	0	3
1050	25	0	2.625	94358.1415	91886.3076	88769.4388	94358.1415	5588.70265	6662.8669	100	355990	0	0	3
1055	25	0	2.6375	94453.1206	92028.3997	88932.0134	94453.1206	5521.10716	6662.8669	100	356230	0	0	3
1060	25	0	2.65	94548.738	92168.8178	89147.2801	94548.738	5401.45795	6662.8669	100	356465	0	0	3
1065	25	0	2.6625	94644.572	92306.2501	89430.2342	94644.572	5214.33782	6662.8669	100	356698	0	0	3
1070	26	0	2.675	94739.2442	92438.9753	89684.3876	94739.2442	5054.85661	6662.8669	100	356928	0	0	3
1075	26	0	2.6875	94832.1999	92567.6706	89840.7772	94832.1999	4991.42263	6662.8669	100	357155	0	0	3
1080	26	0	2.7	94951.5102	92695.439	89963.0183	94951.5102	4988.49186	6662.8669	100	357380	0	0	3
1085	26	0	2.7125	95128.02	92824.564	90088.5791	95128.02	5039.44097	6662.8669	100	357601	0	0	3
1090	26	0	2.725	95294.1583	92954.7035	90252.65	95294.1583	5041.50822	6662.8669	100	357820	0	0	3
1095	26	0	2.7375	95466.9176	93085.0602	90435.7184	95466.9176	5031.19924	6662.8669	100	358035	0	0	3
1100	26	0	2.75	95635.9119	93215.065	90626.2695	95635.9119	5009.64231	6662.8669	100	358248	0	0	3
1105	26	0	2.7625	95824.5507	93345.022	90815.1802	95824.5507	5009.3705	6662.8669	100	358458	0	0	3
1110	27	0	2.775	96024.2184	93475.248	91002.6895	96024.2184	5021.52882	6662.8669	100	358665	0	0	3
1115	27	0	2.7875	96249.2179	93606.4112	91109.6707	96249.2179	5139.54724	6662.8669	100	358869	0	0	3
1120	27	0	2.8	96495.7603	93741.0634	91230.5925	96495.7603	5265.16782	6662.8669	100	359071	0	0	3
1125	27	0	2.8125	96767.3652	93879.4828	91388.4535	96767.3652	5378.91171	6662.8669	100	359269	0	0	3
1130	27	0	2.825	97182.3368	94024.3298	91498.2289	97182.3368	5684.10788	6662.8669	100	359465	0	0	3
1135	27	0	2.8375	97623.3563	94177.458	91621.6758	97623.3563	6001.68045	6662.8669	100	359658	0	0	3
1140	27	0	2.85	97962.2491	94335.9724	91748.4615	97962.2491	6213.7876	6662.8669	100	359848	0	0	3
1145	27	0	2.8625	98308.0661	94499.9625	91868.2868	98308.0661	6439.77933	6662.8669	100	360035	0	0	3
1150	27	0	2.875	98647.1776	94669.4347	92036.4486	98647.1776	6610.72898	6662.8669	100	360219	0	0	3
1155	28	0	2.8875	98906.1121	94841.1763	92216.3407	98906.1121	6689.77142	6662.8669	99.5	360400	0	0	3
1160	28	0	2.9	99109.0456	95013.494	92370.9677	99109.0456	6738.07789	6662.8669	98.8	360579	0	0	3
1165	28	0	2.9125	99285.2528	95186.3511	92517.3002	99285.2528	6767.95258	6662.8669	98.4	360755	0	0	3
1170	28	0	2.925	99424.5681	95359.0328	92658.5275	99424.5681	6669.34883	6662.8669	99.9	360928	0	0	3
1175	28	0	2.9375	99542.6017	95531.1346	92795.4709	99542.6017	6582.74593	6662.8669	100	361099	0	0	3
1180	28	0	2.95	99627.5946	95701.9377	92931.3587	99627.5946	6498.5789	6662.8669	100	361267	0	0	3
1185	28	0	2.9625	99696.102	95871.0563	93049.7725	99696.102	6415.72753	6662.8669	100	361433	0	0	3
1190	28	0	2.975	99752.077	96038.6139	93176.4081	99752.077	6492.52711	6662.8669	100	361596	0	0	3
1195	28	0	2.9875	99796.8313	96204.1245	93290.9908	99796.8313	6251.1144	6662.8669	100	361757	0	0	3
1200	29	0	3	99839.0257	96367.8254	93400.9915	99839.0257	6171.49687	6662.8669	100	361916	0	0	3
1205	29	0	3.0125	99884.6103	96529.9158	93508.8214	99884.6103	6096.26285	6662.8669	100	362073	0	0	3
1210	29	0	3.025	99934.1548	96690.5492	93614.829	99934.1548	6027.29151	6662.8669	100	362228	0	0	3
1215	29	0	3.0375	99982.6841	96849.7455	93730.2476	99982.6841	5969.62184	6662.8669	100	362382	0	0	3
1220	29	0	3.05	100027.42	97007.1748	93859.1746	100027.42	5928.14199	6662.8669	100	362535	0	0	3
1225	29	0	3.0625	100071.52	97162.4835	93973.8743	100071.52	5901.5136	6662.8669	100	362685	0	0	3
1230	29	0	3.075	100116.193	97316.0415	94075.4561	100116.193	5885.52415	6662.8669	100	362834	0	0	3
1235	29	0	3.0875	100160.188	97468.1597	94170.2442	100160.188	5877.81556	6662.8669	100	362981	0	0	3
1240	29	0	3.1	100204.053	97619.005	94263.3328	100204.053	5877.85741	6662.8669	100	363126	0	0	3
1245	30	0	3.1125	100249.061	97768.6482	94358.1415	100249.061	5882.34056	6662.8669	100	363269	0	0	3
1250	30	0	3.125	100294.812	97917.0649	94453.1206	100294.812	5841.69122	6662.8669	100	363410	0	0	3
1255	30	0	3.1375	100340.329	98064.2451	94548.738	100340.329	5791.59087	6662.8669	100	363550	0	0	3
1260	30	0	3.15	100385.365	98210.1608	94644.572	100385.365	5740.79335	6662.8669	100	363688	0	0	3
1265	30	0	3.1625	100430.775	98354.8159	94739.2442	100430.775	5691.53085	6662.8669	100	363824	0	0	3
1270	30	0	3.175	100477.593	98498.2746	94832.1999	100477.593	5645.39343	6662.8669	100	363958	0	0	3
1275	30	0	3.1875	100526.005	98640.6198	94951.5102	100526.005	5574.49462	6662.8669	100	364091	0	0	3
1280	30	0	3.2	100575.523	98781.2201	95128.02	100575.523	5447.50284	6662.8669	100	364221	0	0	3
1285	31	0	3.2125	100625.346	98918.6532	95294.1583	100625.346	5331.18813	6662.8669	100	364350	0	0	3
1290	31	0	3.225	100674.919	99053.1723	95466.9176	100674.919	5208.00182	6662.8669	100	364477	0	0	3
1295	31	0	3.2375	100724.334	99184.6077	95635.9119	100724.334	5088.42191	6662.8669	100	364603	0	0	3
1300	31	0	3.25	100774.129	99313.0631	95824.5507	100774.129	4949.57788	6662.8669	100	364727	0	0	3
1305	31	0	3.2625	100824.742	99438.0679	96024.2184	100824.742	4800.52377	6662.8669	100	364849	0	0	3
1310	31	0	3.275	100876.092	99559.3647	96249.2179	100876.092	4626.87454	6662.8669	100	364970	0	0	3
1315	31	0	3.2875	100927.591	99676.3241	96495.7603	100927.591	4431.83098	6662.8669	100	365088	0	0	3
1320	31	0	3.3	100978.612	99788.3954	96767.3652	100978.612	4211.24729	6662.8669	100	365206	0	0	3
1325	31	0	3.3125	101028.922	99894.9343	97182.3368	101028.922	3846.58533	6662.8669	100	365321	0	0	3
1330	32	0	3.325	101078.787	99992.3455	97623.3563	101078.787	3455.43055	6662.8669	100	365435	0	0	3
1335	32	0	3.3375	101128.683	100079.979	97962.2491	101128.683	3166.43342	6662.8669	100	365548	0	0	3
1340	32	0	3.35	101178.77	100160.392	98308.0661	101178.77	2870.70348	6662.8669	100	365660	0	0	3
