Iteration	CPUTime	PhysTime	Travels	Value	AvValue	MinValue	MaxValue	Delta	Criteria	Progress	dGMaxMin	CriteriaType	CriteriaVarType	CriteriaPercentage
1	0	0	0.0025	103104.04	103104.04	103104.04	103104.04	0	0	0	21959.9	0	0	3
5	0	0	0.0125	109124.873	106114.456	103104.04	109124.873	3010.41676	0	0	56306.6	0	0	3
10	0	0	0.025	115385.916	109204.943	103104.04	115385.916	6100.90317	0	0	79277.4	0	0	3
15	0	0	0.0375	120939.528	112138.589	103104.04	120939.528	9034.54956	0	0	93681.3	0	0	3
20	0	0	0.05	126194.7	114949.811	103104.04	126194.7	11845.7716	0	0	109594	0	0	3
25	0	0	0.0625	131407.113	117692.695	103104.04	131407.113	14588.6552	0	0	127454	0	0	3
30	1	0	0.075	136641.286	120399.636	103104.04	136641.286	17295.5968	0	0	139108	0	0	3
35	1	0	0.0875	141868.691	123083.268	103104.04	141868.691	19979.2286	0	0	146600	0	0	3
40	1	0	0.1	147055.53	125746.853	103104.04	147055.53	22642.8132	0	0	151994	0	0	3
45	1	0	0.1125	152179.587	128390.126	103104.04	152179.587	25286.0866	0	0	158602	0	0	3
50	1	0	0.125	157232.702	131012.179	103104.04	157232.702	27908.1389	0	0	164470	0	0	3
55	1	0	0.1375	162217.53	133612.625	103104.04	162217.53	30508.5849	0	0	175091	0	0	3
60	1	0	0.15	167137.546	136191.465	103104.04	167137.546	33087.425	0	0	184330	0	0	3
65	1	0	0.1625	171977.521	138747.612	103104.04	171977.521	35643.5719	0	0	185548	0	0	3
70	2	0	0.175	176724.768	141279.422	103104.04	176724.768	38175.3823	0	0	190818	0	0	3
75	2	0	0.1875	181451.527	143790.178	103104.04	181451.527	40686.1388	0	0	198702	0	0	3
80	2	0	0.2	186254.553	146288.083	103104.04	186254.553	43184.0432	0	0	207125	0	0	3
85	2	0	0.2125	191211.712	148783.84	103104.04	191211.712	45679.8003	0	0	216056	0	0	3
90	2	0	0.225	196274.053	151283.325	103104.04	196274.053	48179.2852	0	0	225467	0	0	3
95	2	0	0.2375	201306.644	153784.491	103104.04	201306.644	50680.4512	0	0	235060	0	0	3
100	2	0	0.25	206173.155	156279.189	103104.04	206173.155	53175.1494	0	0	244623	0	0	3
105	2	0	0.2625	210787.88	158756.857	103104.04	210787.88	55652.8172	0	0	253906	0	0	3
110	3	0	0.275	215006.503	161202.494	103104.04	215006.503	58098.454	0	0	262751	0	0	3
115	3	0	0.2875	218670.76	163597.005	103104.04	218670.76	60492.9651	0	0	271845	0	0	3
120	3	0	0.3	221649.642	165919.11	103104.04	221649.642	62815.0706	0	0	282013	0	0	3
125	3	0	0.3125	223904.885	168149.332	103104.04	223904.885	65045.2927	0	0	291389	0	0	3
130	3	0	0.325	225526.306	170274.405	103104.04	225526.306	67170.3658	0	0	300080	0	0	3
135	3	0	0.3375	226665.73	172288.381	103104.04	226665.73	69184.3417	0	0	308864	0	0	3
140	3	0	0.35	227475.536	174191.387	103104.04	227475.536	71087.347	0	0	317095	0	0	3
145	3	0	0.3625	228082.649	175987.762	103104.04	228082.649	72883.7224	0	0	324769	0	0	3
150	4	0	0.375	228580.153	177684.291	103104.04	228580.153	74580.2512	0	0	332261	0	0	3
155	4	0	0.3875	229038.555	179289.112	103104.04	229038.555	76185.0719	0	0	339477	0	0	3
160	4	0	0.4	229495.448	180810.516	103104.04	229495.448	77706.476	0	0	350340	0	0	3
165	4	0	0.4125	229973.374	182256.482	103104.04	229973.374	79152.4425	0	0	363316	0	0	3
170	4	0	0.425	230485.116	183634.443	103104.04	230485.116	80530.4034	0	0	376551	0	0	3
175	4	0	0.4375	231040.055	184951.266	103104.04	231040.055	81847.226	0	0	390634	0	0	3
180	4	0	0.45	231646.341	186213.295	103104.04	231646.341	83109.255	0	0	404582	0	0	3
185	4	0	0.4625	232312.663	187426.436	103104.04	232312.663	84322.3963	0	0	418420	0	0	3
190	5	0	0.475	233034.864	188595.883	103104.04	233034.864	85491.8432	0	0	430587	0	0	3
195	5	0	0.4875	233823.502	189726.573	103104.04	233823.502	86622.5337	0	0	441526	0	0	3
200	5	0	0.5	234676.631	190822.916	103104.04	234676.631	87718.8765	0	0	451908	0	0	3
205	5	0	0.5125	235600.453	194054.536	109124.873	235600.453	87940.0796	0	0	463582	0	0	3
210	5	0	0.525	236601.043	199208.156	120939.528	236601.043	87069.5666	0	0	474399	0	0	3
215	5	0	0.5375	237664.128	202126.271	126194.7	237664.128	87176.4595	0	0	484057	0	0	3
220	5	0	0.55	238797.013	204941.329	131407.113	238797.013	87248.6338	0	0	492296	0	0	3
225	5	0	0.5625	240001.829	207656.197	136641.286	240001.829	87256.5601	0	0	499436	0	0	3
230	6	0	0.575	241263.222	208475.88	136641.286	241263.222	88076.2436	0	0	505643	0	0	3
235	6	0	0.5875	242567.667	212789.219	147055.53	242567.667	87042.3665	0	0	512895	0	0	3
240	6	0	0.6	243915.478	215210.718	152179.587	243915.478	86820.5918	0	0	519809	0	0	3
245	6	0	0.6125	245328.767	217539.448	157232.702	245328.767	86527.2689	0	0	525768	0	0	3
250	6	0	0.625	246824.127	219779.233	162217.53	246824.127	84606.5976	0	0	530963	0	0	3
255	6	0	0.6375	248402.694	220477.366	162217.53	248402.694	86185.1645	0	0	535347	0	0	3
260	6	0	0.65	250053.94	224006.772	171977.521	250053.94	78076.419	0	0	540345	0	0	3
265	6	0	0.6625	251769.741	226001.578	176724.768	251769.741	75044.9728	0	0	544971	0	0	3
270	6	0	0.675	253540.473	227921.97	181451.527	253540.473	72088.9466	0	0	549093	0	0	3
275	7	0	0.6875	255371.556	229769.971	186254.553	255371.556	69117.0037	0	0	552540	0	0	3
280	7	0	0.7	257274.694	230440.818	186254.553	257274.694	71020.1413	0	0	555445	0	0	3
285	7	0	0.7125	259247.832	233246.378	196274.053	259247.832	62973.7789	0	0	562113	0	0	3
290	7	0	0.725	261280.399	234871.536	201306.644	261280.399	59973.7556	0	0	568494	0	0	3
295	7	0	0.7375	263357.335	236422.803	206173.155	263357.335	57184.1801	0	0	573966	0	0	3
300	7	0	0.75	265469.208	237905.205	210787.88	265469.208	54681.3276	0	0	579929	0	0	3
305	7	0	0.7625	267612.622	238629.776	210787.88	267612.622	56824.7418	0	0	586001	0	0	3
310	8	0	0.775	269771.291	240694.943	218670.76	269771.291	51100.5311	0	0	591717	0	0	3
315	8	0	0.7875	271933.339	242026.508	221649.642	271933.339	50283.6964	0	0	597139	0	0	3
320	8	0	0.8	274087.105	243337.444	223904.885	274087.105	50182.2201	0	0	602243	0	0	3
325	8	0	0.8125	276214.066	244645.174	225526.306	276214.066	50687.7597	0	0	607006	0	0	3
330	8	0	0.825	278299.195	245466.003	225526.306	278299.195	52772.8886	0	0	611480	0	0	3
335	8	0	0.8375	280328.1	247306.055	227475.536	280328.1	52852.5635	0	0	615709	0	0	3
340	8	0	0.85	282291.798	248676.462	228082.649	282291.798	54209.1494	0	0	619754	0	0	3
345	8	0	0.8625	284186.39	250079.055	228580.153	284186.39	55606.2364	0	0	623649	0	0	3
350	8	0	0.875	286007.383	251514.736	229038.555	286007.383	56968.8278	0	0	627343	0	0	3
355	9	0	0.8875	287754.545	252398.634	229038.555	287754.545	58715.9901	0	0	630852	0	0	3
360	9	0	0.9	289430.454	254481.011	229973.374	289430.454	59457.0797	0	0	634202	0	0	3
365	9	0	0.9125	291036.261	256007.583	230485.116	291036.261	60551.1447	0	0	637451	0	0	3
370	9	0	0.925	292577.737	257559.898	231040.055	292577.737	61537.6822	0	0	640585	0	0	3
375	9	0	0.9375	294058.616	259135.362	231646.341	294058.616	62412.2753	0	0	643595	0	0	3
380	9	0	0.95	295479.17	260021.797	231646.341	295479.17	63832.8293	0	0	646500	0	0	3
385	9	0	0.9625	296841.136	262344.395	233034.864	296841.136	63806.2715	0	0	649320	0	0	3
390	9	0	0.975	298148.33	263972.232	233823.502	298148.33	64324.8276	0	0	652067	0	0	3
395	10	0	0.9875	299405.711	265611.787	234676.631	299405.711	64729.0795	0	0	654738	0	0	3
400	10	0	1	300618.75	267260.34	235600.453	300618.75	65018.2971	28724.0815	0	657316	0	0	3
405	10	0	1.0125	301791.401	268915.114	236601.043	301791.401	65190.3582	28724.0815	0	659809	0	0	3
410	10	0	1.025	302931.479	269744.781	236601.043	302931.479	66330.4358	28724.0815	0	662222	0	0	3
415	10	0	1.0375	304044.74	272232.89	238797.013	304044.74	65247.7267	28724.0815	0	664734	0	0	3
420	10	0	1.05	305137.918	273891.412	240001.829	305137.918	65136.0889	28724.0815	0	667482	0	0	3
425	10	0	1.0625	306218.204	275546.822	241263.222	306218.204	64954.9817	28724.0815	0	670195	0	0	3
430	10	0	1.075	307295.33	277197.624	242567.667	307295.33	64408.4051	28724.0815	0	672855	0	0	3
435	11	0	1.0875	308368.985	277957.902	242567.667	308368.985	65168.6822	28724.0815	0	675512	0	0	3
440	11	0	1.1	309431.436	280480.556	245328.767	309431.436	62941.1088	28724.0815	0	678186	0	0	3
445	11	0	1.1125	310479.61	282109.327	246824.127	310479.61	62330.0943	28724.0815	0	680755	0	0	3
450	11	0	1.125	311513.353	283726.558	248402.694	311513.353	63110.659	28724.0815	0	683202	0	0	3
455	11	0	1.1375	312528.033	285329.692	250053.94	312528.033	61322.9194	28724.0815	0	685546	0	0	3
460	11	0	1.15	313517.473	286017.198	250053.94	313517.473	62010.4263	28724.0815	0	687836	0	0	3
465	11	0	1.1625	314479.916	288484.034	253540.473	314479.916	60562.064	28724.0815	0	690475	0	0	3
470	11	0	1.175	315417.947	290030.971	255371.556	315417.947	60046.3908	28724.0815	0	693328	0	0	3
475	11	0	1.1875	316336.65	291555.098	257274.694	316336.65	59061.9561	28724.0815	0	696126	0	0	3
480	12	0	1.2	317243.279	293054.313	259247.832	317243.279	57995.448	28724.0815	0	698891	0	0	3
485	12	0	1.2125	318144.906	293666.279	259247.832	318144.906	58897.0743	28724.0815	0	701624	0	0	3
490	12	0	1.225	319044.686	295970.847	263357.335	319044.686	55687.3513	28724.0815	0	704291	0	0	3
495	12	0	1.2375	319941.972	297385.463	265469.208	319941.972	54472.764	28724.0815	0	706907	0	0	3
500	12	0	1.25	320836.25	298769.639	267612.622	320836.25	53223.6275	28724.0815	0	709488	0	0	3
505	12	0	1.2625	321727.214	300122.504	269771.291	321727.214	51955.9231	28724.0815	0	712017	0	0	3
510	12	0	1.275	322615.619	300671.116	269771.291	322615.619	52844.3279	28724.0815	0	714492	0	0	3
515	12	0	1.2875	323499.395	302732.763	274087.105	323499.395	49412.2893	28724.0815	0	716920	0	0	3
520	13	0	1.3	324370.63	303989.852	276214.066	324370.63	48156.5636	28724.0815	0	719303	0	0	3
525	13	0	1.3125	325220.367	305215.009	278299.195	325220.367	46921.1723	28724.0815	0	721640	0	0	3
530	13	0	1.325	326046.451	306408.69	280328.1	326046.451	45718.3509	28724.0815	0	723938	0	0	3
535	13	0	1.3375	326853.256	306907.338	280328.1	326853.256	46525.1557	28724.0815	0	726207	0	0	3
540	13	0	1.35	327646.449	308705.686	284186.39	327646.449	43460.059	28724.0815	0	728441	0	0	3
545	13	0	1.3625	328427.493	309811.713	286007.383	328427.493	42420.1105	28724.0815	0	730636	0	0	3
550	13	0	1.375	329195.516	310891.417	287754.545	329195.516	41440.9712	28724.0815	0	732946	0	0	3
555	13	0	1.3875	329949.418	311946.288	289430.454	329949.418	40518.9643	28724.0815	0	735232	0	0	3
560	13	0	1.4	330690.089	312403.454	289430.454	330690.089	41259.6354	28724.0815	0	737482	0	0	3
565	14	0	1.4125	331417.261	313987.304	292577.737	331417.261	38839.5239	28724.0815	0	739712	0	0	3
570	14	0	1.425	332130.488	314976.123	294058.616	332130.488	38071.8715	28724.0815	0	741904	0	0	3
575	14	0	1.4375	332830.144	315945.411	295479.17	332830.144	37350.9733	28724.0815	0	744077	0	0	3
580	14	0	1.45	333514.04	316896.283	296841.136	333514.04	36672.9046	28724.0815	0	746605	0	0	3
585	14	0	1.4625	334179.958	317317.836	296841.136	334179.958	37338.8227	28724.0815	0	749102	0	0	3
590	14	0	1.475	334833.899	318746.893	299405.711	334833.899	35428.188	28724.0815	0	751543	0	0	3
595	14	0	1.4875	335479.879	319648.747	300618.75	335479.879	34861.1291	28724.0815	0	753906	0	0	3
600	14	0	1.5	336115.066	320536.155	301791.401	336115.066	34323.6641	28724.0815	0	756211	0	0	3
605	15	0	1.5125	336741.424	321409.905	302931.479	336741.424	33809.9452	28724.0815	0	758445	0	0	3
610	15	0	1.525	337359.789	322270.613	304044.74	337359.789	33315.0486	28724.0815	0	760739	0	0	3
615	15	0	1.5375	337973.228	323118.825	305137.918	337973.228	32835.3101	28724.0815	0	763130	0	0	3
620	15	0	1.55	338582.619	323954.943	306218.204	338582.619	32364.4159	28724.0815	0	765498	0	0	3
625	15	0	1.5625	339192.241	324779.294	307295.33	339192.241	31896.9105	28724.0815	0	767810	0	0	3
630	15	0	1.575	339806.932	325592.084	308368.985	339806.932	31437.9471	28724.0815	0	770053	0	0	3
635	15	0	1.5875	340436.067	326393.761	309431.436	340436.067	31004.6311	28724.0815	0	772219	0	0	3
640	15	0	1.6	341070.097	327184.727	310479.61	341070.097	30590.4874	28724.0815	0	774309	0	0	3
645	16	0	1.6125	341693.698	327965.08	311513.353	341693.698	30180.3451	28724.0815	0	776333	0	0	3
650	16	0	1.625	342285.683	328734.388	312528.033	342285.683	29757.6494	28724.0815	0	778308	0	0	3
655	16	0	1.6375	342825.979	329491.837	313517.473	342825.979	29308.5066	28724.0815	0	780269	0	0	3
660	16	0	1.65	343301.965	330236.449	314479.916	343301.965	28822.0499	28724.0815	0	782231	0	0	3
665	16	0	1.6625	343705.677	330967.093	315417.947	343705.677	28287.7295	28724.0815	0	784220	0	0	3
670	16	0	1.675	344050.609	331682.909	316336.65	344050.609	27713.959	28724.0815	0	786232	0	0	3
675	16	0	1.6875	344356.671	332383.41	317243.279	344356.671	27113.3916	28724.0815	0	788244	0	0	3
680	16	0	1.7	344635.185	333068.208	318144.906	344635.185	26490.2792	28724.0815	0	790240	0	0	3
685	17	0	1.7125	344896.178	333736.989	319044.686	344896.178	25851.4917	28724.0815	0	792127	0	0	3
690	17	0	1.725	345162.565	334389.936	319941.972	345162.565	25220.5936	28724.0815	0	793947	0	0	3
695	17	0	1.7375	345453.766	335027.731	320836.25	345453.766	24617.517	28724.0815	0	795728	0	0	3
700	17	0	1.75	345773.043	335651.151	321727.214	345773.043	24045.8291	28724.0815	0	797455	0	0	3
705	17	0	1.7625	346116.681	336260.888	322615.619	346116.681	23501.0622	28724.0815	0	799123	0	0	3
710	17	0	1.775	346468.517	336857.21	323499.395	346468.517	22969.1224	28724.0815	0	800734	0	0	3
715	17	0	1.7875	346819.518	337440.213	324370.63	346819.518	22448.8884	28724.0815	0	802289	0	0	3
720	18	0	1.8	347168.385	338010.157	325220.367	347168.385	21948.0176	28724.0815	0	803800	0	0	3
725	18	0	1.8125	347532.595	338567.963	326046.451	347532.595	21486.1438	28724.0815	0	805264	0	0	3
730	18	0	1.825	347932.767	339115.121	326853.256	347932.767	21079.5119	28724.0815	0	806656	0	0	3
735	18	0	1.8375	348365.34	339652.923	327646.449	348365.34	20718.8917	28724.0815	0	807983	0	0	3
740	18	0	1.85	348788.026	340181.462	328427.493	348788.026	20360.5325	28724.0815	0	809302	0	0	3
745	18	0	1.8625	349173.265	340700.107	329195.516	349173.265	19977.7494	28724.0815	0	810603	0	0	3
750	18	0	1.875	349530.959	341208.493	329949.418	349530.959	19581.541	28724.0815	0	811975	0	0	3
755	18	0	1.8875	349890.841	341707.028	330690.089	349890.841	19200.7518	28724.0815	0	813364	0	0	3
760	18	0	1.9	350262.66	342196.343	331417.261	350262.66	18845.3996	28724.0815	0	814717	0	0	3
765	19	0	1.9125	350635.706	342676.804	332130.488	350635.706	18505.2182	28724.0815	0	816055	0	0	3
770	19	0	1.925	351006.001	343148.692	332830.144	351006.001	18175.8571	28724.0815	0	817360	0	0	3
775	19	0	1.9375	351378.076	343612.39	333514.04	351378.076	17864.0357	28724.0815	0	818638	0	0	3
780	19	0	1.95	351740.718	344068.057	334179.958	351740.718	17560.76	28724.0815	0	819934	0	0	3
785	19	0	1.9625	352090.671	344515.825	334833.899	352090.671	17256.7725	28724.0815	0	821210	0	0	3
790	19	0	1.975	352431.074	344955.754	335479.879	352431.074	16951.195	28724.0815	0	822433	0	0	3
795	19	0	1.9875	352764.884	345387.879	336115.066	352764.884	16649.8184	28724.0815	0	823615	0	0	3
800	19	0	2	353095.839	345812.398	336741.424	353095.839	16354.4152	28724.0815	0	824760	0	0	3
805	19	0	2.0125	353424.728	346229.481	337359.789	353424.728	16064.9389	28724.0815	0	825871	0	0	3
810	20	0	2.025	353751.15	346639.265	337973.228	353751.15	15777.9216	28724.0815	0	826944	0	0	3
815	20	0	2.0375	354073.35	347041.768	338582.619	354073.35	15490.731	28724.0815	0	828059	0	0	3
820	20	0	2.05	354393.78	347221.086	338582.619	354393.78	15811.1606	28724.0815	0	829087	0	0	3
825	20	0	2.0625	354709.271	347824.973	339806.932	354709.271	14902.3387	28724.0815	0	830015	0	0	3
830	20	0	2.075	355009.308	348205.032	340436.067	355009.308	14573.2411	28724.0815	0	830950	0	0	3
835	20	0	2.0875	355308.542	348576.844	341070.097	355308.542	14238.4443	28724.0815	0	831898	0	0	3
840	20	0	2.1	355616.847	348940.513	341693.698	355616.847	13923.1489	28724.0815	0	832863	0	0	3
845	20	0	2.1125	355936.044	349111.136	341693.698	355936.044	14242.3456	28724.0815	0	833821	0	0	3
850	21	0	2.125	356263.332	349646.013	342825.979	356263.332	13437.3524	28724.0815	0	834761	0	0	3
855	21	0	2.1375	356598.312	349990.321	343301.965	356598.312	13296.3467	28724.0815	0	835687	0	0	3
860	21	0	2.15	356940.64	350331.288	343705.677	356940.64	13234.9631	28724.0815	0	836614	0	0	3
865	21	0	2.1625	357287.671	350670.838	344050.609	357287.671	13237.0617	28724.0815	0	837524	0	0	3
870	21	0	2.175	357635.998	350840.72	344050.609	357635.998	13585.3891	28724.0815	0	838406	0	0	3
875	21	0	2.1875	357983.756	351351.15	344635.185	357983.756	13348.571	28724.0815	0	839301	0	0	3
880	21	0	2.2	358331.211	351693.55	344896.178	358331.211	13435.0335	28724.0815	0	840199	0	0	3
885	21	0	2.2125	358679.773	352038.14	345162.565	358679.773	13517.2073	28724.0815	0	841080	0	0	3
890	21	0	2.225	359029.614	352384.816	345453.766	359029.614	13575.8475	28724.0815	0	841943	0	0	3
895	22	0	2.2375	359379.533	352555.419	345453.766	359379.533	13925.7665	28724.0815	0	842790	0	0	3
900	22	0	2.25	359727.394	353081.819	346116.681	359727.394	13610.7135	28724.0815	0	843625	0	0	3
905	22	0	2.2625	360073.647	353430.744	346468.517	360073.647	13605.1304	28724.0815	0	844449	0	0	3
910	22	0	2.275	360417.92	353779.479	346819.518	360417.92	13598.402	28724.0815	0	845262	0	0	3
915	22	0	2.2875	360760.018	354127.991	347168.385	360760.018	13591.6337	28724.0815	0	846066	0	0	3
920	22	0	2.3	361099.379	354298.025	347168.385	361099.379	13930.9943	28724.0815	0	846860	0	0	3
925	22	0	2.3125	361441.914	354823.999	347932.767	361441.914	13509.1466	28724.0815	0	847644	0	0	3
930	22	0	2.325	361780.9	355170.202	348365.34	361780.9	13415.5593	28724.0815	0	848416	0	0	3
935	22	0	2.3375	362117.396	355514.004	348788.026	362117.396	13329.3706	28724.0815	0	849177	0	0	3
940	23	0	2.35	362454.005	355855.653	349173.265	362454.005	13280.7393	28724.0815	0	849927	0	0	3
945	23	0	2.3625	362789.148	356024.763	349173.265	362789.148	13615.883	28724.0815	0	850666	0	0	3
950	23	0	2.375	363122.481	356535.838	349890.841	363122.481	13231.6402	28724.0815	0	851397	0	0	3
955	23	0	2.3875	363454.735	356874.936	350262.66	363454.735	13192.0747	28724.0815	0	852117	0	0	3
960	23	0	2.4	363777.87	357212.816	350635.706	363777.87	13142.1641	28724.0815	0	852827	0	0	3
965	23	0	2.4125	364092.108	357549.226	351006.001	364092.108	13086.1072	28724.0815	0	853528	0	0	3
970	23	0	2.425	364400.447	357716.329	351006.001	364400.447	13394.4461	28724.0815	0	854218	0	0	3
975	23	0	2.4375	364704.353	358217.244	351740.718	364704.353	12963.6345	28724.0815	0	854899	0	0	3
980	23	0	2.45	365005.311	358548.859	352090.671	365005.311	12914.6397	28724.0815	0	855570	0	0	3
985	24	0	2.4625	365303.912	358879.19	352431.074	365303.912	12872.8386	28724.0815	0	856236	0	0	3
990	24	0	2.475	365600.284	359208.42	352764.884	365600.284	12835.3997	28724.0815	0	856892	0	0	3
995	24	0	2.4875	365894.267	359371.49	352764.884	365894.267	13129.3831	28724.0815	0	857539	0	0	3
1000	24	0	2.5	366185.179	359863.888	353424.728	366185.179	12760.4513	28724.0815	0	858175	0	0	3
1005	24	0	2.5125	366472.83	360190.091	353751.15	366472.83	12721.6801	28724.0815	0	858802	0	0	3
1010	24	0	2.525	366757.169	360515.241	354073.35	366757.169	12683.8189	28724.0815	0	859421	0	0	3
1015	24	0	2.5375	367038.187	360839.362	354393.78	367038.187	12644.4072	28724.0815	0	860031	0	0	3
1020	24	0	2.55	367315.86	361162.414	354709.271	367315.86	12606.5893	28724.0815	0	860635	0	0	3
1025	25	0	2.5625	367589.934	361484.431	355009.308	367589.934	12580.6261	28724.0815	0	861232	0	0	3
1030	25	0	2.575	367860.31	361805.706	355308.542	367860.31	12551.7681	28724.0815	0	861823	0	0	3
1035	25	0	2.5875	368127.144	362126.171	355616.847	368127.144	12510.2971	28724.0815	0	862404	0	0	3
1040	25	0	2.6	368390.645	362445.516	355936.044	368390.645	12454.601	28724.0815	0	862978	0	0	3
1045	25	0	2.6125	368650.922	362763.388	356263.332	368650.922	12387.5905	28724.0815	0	863544	0	0	3
1050	25	0	2.625	368907.76	363079.498	356598.312	368907.76	12309.4474	28724.0815	0	864100	0	0	3
1055	25	0	2.6375	369161.035	363393.566	356940.64	369161.035	12220.395	28724.0815	0	864645	0	0	3
1060	25	0	2.65	369410.882	363705.323	357287.671	369410.882	12123.2114	28724.0815	0	865183	0	0	3
1065	25	0	2.6625	369657.316	364014.564	357635.998	369657.316	12021.3182	28724.0815	0	865716	0	0	3
1070	26	0	2.675	369900.279	364321.171	357983.756	369900.279	11916.5234	28724.0815	0	866242	0	0	3
1075	26	0	2.6875	370140.171	364625.081	358331.211	370140.171	11808.9594	28724.0815	0	866763	0	0	3
1080	26	0	2.7	370378.287	364926.258	358679.773	370378.287	11698.5147	28724.0815	0	867276	0	0	3
1085	26	0	2.7125	370610.525	365224.527	359029.614	370610.525	11580.9112	28724.0815	0	867783	0	0	3
1090	26	0	2.725	370833.134	365519.615	359379.533	370833.134	11453.6007	28724.0815	0	868282	0	0	3
1095	26	0	2.7375	371048.519	365811.339	359727.394	371048.519	11321.1247	28724.0815	0	868775	0	0	3
1100	26	0	2.75	371257.459	366099.591	360073.647	371257.459	11183.812	28724.0815	0	869262	0	0	3
1105	26	0	2.7625	371465.341	366384.383	360417.92	371465.341	11047.4209	28724.0815	0	869742	0	0	3
1110	27	0	2.775	371668.036	366665.636	360760.018	371668.036	10908.0181	28724.0815	0	870217	0	0	3
1115	27	0	2.7875	371864.141	366943.239	361099.379	371864.141	10764.762	28724.0815	0	870686	0	0	3
1120	27	0	2.8	372052.685	367217.072	361441.914	372052.685	10610.7711	28724.0815	0	871148	0	0	3
1125	27	0	2.8125	372238.882	367486.996	361780.9	372238.882	10457.9822	28724.0815	0	871605	0	0	3
1130	27	0	2.825	372422.633	367753.04	362117.396	372422.633	10305.2369	28724.0815	0	872056	0	0	3
1135	27	0	2.8375	372586.708	368014.772	362454.005	372586.708	10132.7034	28724.0815	0	872500	0	0	3
1140	27	0	2.85	372738.467	368271.884	362789.148	372738.467	9949.31908	28724.0815	0	872939	0	0	3
1145	27	0	2.8625	372884.744	368524.274	363122.481	372884.744	9762.26269	28724.0815	0	873374	0	0	3
1150	27	0	2.875	373025.633	368771.853	363454.735	373025.633	9570.89775	28724.0815	0	873804	0	0	3
1155	28	0	2.8875	373166.876	369014.656	363777.87	373166.876	9389.00644	28724.0815	0	874227	0	0	3
1160	28	0	2.9	373313.645	369253.051	364092.108	373313.645	9221.53689	28724.0815	0	874643	0	0	3
1165	28	0	2.9125	373467.705	369487.44	364400.447	373467.705	9067.25836	28724.0815	0	875057	0	0	3
1170	28	0	2.925	373628.522	369718.142	364704.353	373628.522	8924.16947	28724.0815	0	875466	0	0	3
1175	28	0	2.9375	373794.146	369945.387	365005.311	373794.146	8788.83536	28724.0815	0	875869	0	0	3
1180	28	0	2.95	373962.542	370169.318	365303.912	373962.542	8658.62956	28724.0815	0	876267	0	0	3
1185	28	0	2.9625	374132.698	370390.038	365600.284	374132.698	8532.41399	28724.0815	0	876653	0	0	3
1190	28	0	2.975	374303.498	370607.618	365894.267	374303.498	8409.23089	28724.0815	0	877037	0	0	3
1195	28	0	2.9875	374474.112	370822.114	366185.179	374474.112	8288.93336	28724.0815	0	877416	0	0	3
1200	29	0	3	374644.106	371033.587	366472.83	374644.106	8171.27645	28724.0815	0	877786	0	0	3
1205	29	0	3.0125	374813.084	371242.094	366757.169	374813.084	8055.91504	28724.0815	0	878152	0	0	3
1210	29	0	3.025	374980.592	371447.679	367038.187	374980.592	7942.40476	28724.0815	0	878513	0	0	3
1215	29	0	3.0375	375146.248	371650.381	367315.86	375146.248	7830.38836	28724.0815	0	878870	0	0	3
1220	29	0	3.05	375310.047	371850.235	367589.934	375310.047	7720.11328	28724.0815	0	879221	0	0	3
1225	29	0	3.0625	375472.104	372047.29	367860.31	375472.104	7611.79402	28724.0815	0	879568	0	0	3
1230	29	0	3.075	375632.362	372241.591	368127.144	375632.362	7505.21761	28724.0815	0	879910	0	0	3
1235	29	0	3.0875	375790.727	372433.18	368390.645	375790.727	7400.08169	28724.0815	0	880248	0	0	3
1240	29	0	3.1	375947.148	372622.093	368650.922	375947.148	7296.22581	28724.0815	0	880581	0	0	3
1245	30	0	3.1125	376101.515	372808.358	368907.76	376101.515	7193.75504	28724.0815	0	880910	0	0	3
1250	30	0	3.125	376253.686	372992.006	369161.035	376253.686	7092.65118	28724.0815	0	881235	0	0	3
1255	30	0	3.1375	376403.584	373173.07	369410.882	376403.584	6992.70215	28724.0815	0	881555	0	0	3
1260	30	0	3.15	376551.232	373351.579	369657.316	376551.232	6893.91572	28724.0815	0	881871	0	0	3
1265	30	0	3.1625	376696.706	373527.563	369900.279	376696.706	6796.42679	28724.0815	0	882183	0	0	3
1270	30	0	3.175	376840.05	373701.058	370140.171	376840.05	6699.87901	28724.0815	0	882490	0	0	3
1275	30	0	3.1875	376981.245	373872.084	370378.287	376981.245	6602.95724	28724.0815	0	882794	0	0	3
1280	30	0	3.2	377120.265	374040.634	370610.525	377120.265	6509.74002	28724.0815	0	883093	0	0	3
1285	31	0	3.2125	377257.118	374206.799	370833.134	377257.118	6423.98441	28724.0815	0	883388	0	0	3
1290	31	0	3.225	377391.864	374370.767	371048.519	377391.864	6343.34506	28724.0815	0	883679	0	0	3
1295	31	0	3.2375	377524.605	374532.669	371257.459	377524.605	6267.14581	28724.0815	0	883966	0	0	3
1300	31	0	3.25	377655.425	374692.618	371465.341	377655.425	6190.08429	28724.0815	0	884250	0	0	3
1305	31	0	3.2625	377784.366	374850.594	371668.036	377784.366	6116.32983	28724.0815	0	884530	0	0	3
1310	31	0	3.275	377911.434	375006.679	371864.141	377911.434	6047.29316	28724.0815	0	884806	0	0	3
1315	31	0	3.2875	378036.629	375160.991	372052.685	378036.629	5983.94341	28724.0815	0	885078	0	0	3
1320	31	0	3.3	378159.98	375313.673	372238.882	378159.98	5921.09842	28724.0815	0	885347	0	0	3
1325	31	0	3.3125	378281.561	375464.74	372422.633	378281.561	5858.92767	28724.0815	0	885612	0	0	3
1330	32	0	3.325	378401.45	375614.211	372586.708	378401.45	5814.74208	28724.0815	0	885873	0	0	3
1335	32	0	3.3375	378519.707	375762.536	372738.467	378519.707	5781.23957	28724.0815	0	886131	0	0	3
1340	32	0	3.35	378636.351	375909.983	372884.744	378636.351	5751.60666	28724.0815	0	886386	0	0	3
