Iteration	CPUTime	PhysTime	Travels	Value	AvValue	MinValue	MaxValue	Delta	Criteria	Progress	dGMaxMin	CriteriaType	CriteriaVarType	CriteriaPercentage
1	0	0	0.0025	0.65671	0.65671	0.65671	0.65671	0	0	0	0	0	0	3
5	0	0	0.0125	0.65671	0.65671	0.65671	0.65671	0	0	0	0	0	0	3
10	0	0	0.025	0.65671	0.65671	0.65671	0.65671	0	0	0	0	0	0	3
15	0	0	0.0375	0.65671	0.65671	0.65671	0.65671	0	0	0	0	0	0	3
20	0	0	0.05	0.65671	0.65671	0.65671	0.65671	0	0	0	0	0	0	3
25	0	0	0.0625	0.65671	0.65671	0.65671	0.65671	2.22044605e-016	0	0	0	0	0	3
30	1	0	0.075	0.65671	0.65671	0.65671	0.65671	6.36157793e-014	0	0	0	0	0	3
35	1	0	0.0875	0.65671	0.65671	0.65671	0.65671	3.0495606e-012	0	0	0	0	0	3
40	1	0	0.1	0.656709999	0.65671	0.656709999	0.65671	6.4211636e-011	0	0	0	0	0	3
45	1	0	0.1125	0.656709993	0.656709999	0.656709993	0.65671	8.03132005e-010	0	0	0	0	0	3
50	1	0	0.125	0.656709931	0.656709993	0.656709931	0.65671	6.96233837e-009	0	0	0	0	0	3
55	1	0	0.1375	0.656709516	0.656709953	0.656709516	0.65671	4.67438835e-008	0	0	0	0	0	3
60	1	0	0.15	0.656707267	0.656709747	0.656707267	0.65671	2.53370879e-007	0	0	0	0	0	3
65	1	0	0.1625	0.65669709	0.656708843	0.65669709	0.65671	1.15743369e-006	0	0	0	0	0	3
70	2	0	0.175	0.656657601	0.656705426	0.656657601	0.65671	4.5735689e-006	0	0	0	0	0	3
75	2	0	0.1875	0.656524468	0.656694117	0.656524468	0.65671	1.58834452e-005	0	0	0	0	0	3
80	2	0	0.2	0.656129696	0.656660915	0.656129696	0.65671	4.90846775e-005	0	0	0	0	0	3
85	2	0	0.2125	0.655087688	0.656573514	0.655087688	0.65671	0.0001364862	0	0	0	0	0	3
90	2	0	0.225	0.652612568	0.656365043	0.652612568	0.65671	0.000344957058	0	0	0	0	0	3
95	2	0	0.2375	0.647319702	0.655912776	0.647319702	0.65671	0.000797224109	0	0	0	0	0	3
100	2	0	0.25	0.636675801	0.654996729	0.636675801	0.65671	0.00171327055	0	0	0	0	0	3
105	2	0	0.2625	0.617677355	0.653300394	0.617677355	0.65671	0.00340960577	0	0	0	0	0	3
110	3	0	0.275	0.588420121	0.650479513	0.588420121	0.65671	0.00623048721	0	0	0	0	0	3
115	3	0	0.2875	0.547901834	0.646205443	0.547901834	0.65671	0.0105045572	0	0	0	0	0	3
120	3	0	0.3	0.498248146	0.640287151	0.498248146	0.65671	0.016422849	0	0	0	0	0	3
125	3	0	0.3125	0.447420524	0.632869204	0.447420524	0.65671	0.0238407962	0	0	0	0	0	3
130	3	0	0.325	0.402959312	0.624354023	0.402959312	0.65671	0.0323559774	0	0	0	0	0	3
135	3	0	0.3375	0.368041489	0.615200004	0.368041489	0.65671	0.0415099965	0	0	0	0	0	3
140	3	0	0.35	0.342911712	0.605810752	0.342911712	0.65671	0.0508992479	0	0	0	0	0	3
145	3	0	0.3625	0.326186695	0.59648995	0.326186695	0.65671	0.0602200498	0	0	0	0	0	3
150	4	0	0.375	0.316375682	0.587454006	0.316375682	0.65671	0.069255994	0	0	0	0	0	3
155	4	0	0.3875	0.31220983	0.578852626	0.31220983	0.65671	0.0778573744	0	0	0	0	0	3
160	4	0	0.4	0.311413085	0.570748397	0.311413085	0.65671	0.0859616029	0	0	0	0	0	3
165	4	0	0.4125	0.312461937	0.563151736	0.311413085	0.65671	0.0935582635	0	0	0	0	0	3
170	4	0	0.425	0.314251211	0.556040293	0.311413085	0.65671	0.100669707	0	0	0	0	0	3
175	4	0	0.4375	0.315938401	0.549370796	0.311413085	0.65671	0.107339204	0	0	0	0	0	3
180	4	0	0.45	0.317171659	0.543095144	0.311413085	0.65671	0.113614856	0	0	0	0	0	3
185	4	0	0.4625	0.317661507	0.537162679	0.311413085	0.65671	0.119547321	0	0	0	0	0	3
190	5	0	0.475	0.317199838	0.531522607	0.311413085	0.65671	0.125187393	0	0	0	0	0	3
195	5	0	0.4875	0.316542419	0.526148102	0.311413085	0.65671	0.130561898	0	0	0	0	0	3
200	5	0	0.5	0.316410084	0.52103254	0.311413085	0.65671	0.13567746	0	0	0	0	0	3
205	5	0	0.5125	0.317033895	0.512747757	0.311413085	0.65671	0.143962243	0	0	0	0	0	3
210	5	0	0.525	0.318348313	0.500689659	0.311413085	0.65671	0.156020341	0	0	0	0	0	3
215	5	0	0.5375	0.319753455	0.492265746	0.311413085	0.65671	0.164444254	0	0	0	0	0	3
220	5	0	0.55	0.321321637	0.483881036	0.311413085	0.65671	0.172828964	0	0	0	0	0	3
225	5	0	0.5625	0.323197382	0.475543221	0.311413085	0.65671	0.181166779	0	0	0	0	0	3
230	6	0	0.575	0.324293555	0.471854205	0.311413085	0.65671	0.184855795	0	0	0	0	0	3
235	6	0	0.5875	0.324670847	0.458931831	0.311413085	0.656709999	0.197778169	0	0	0	0	0	3
240	6	0	0.6	0.325246683	0.450645248	0.311413085	0.656709993	0.206064751	0	0	0	0	0	3
245	6	0	0.6125	0.327232849	0.44240832	0.311413085	0.656709931	0.214301673	0	0	0	0	0	3
250	6	0	0.625	0.331935359	0.434288955	0.311413085	0.656709516	0.222420998	0	0	0	0	0	3
255	6	0	0.6375	0.337587268	0.431930378	0.311413085	0.656709516	0.224779576	0	0	0	0	0	3
260	6	0	0.65	0.341218565	0.418423682	0.311413085	0.65669709	0.238285161	0	0	0	0	0	3
265	6	0	0.6625	0.344130009	0.410609505	0.311413085	0.656657601	0.246095922	0	0	0	0	0	3
270	6	0	0.675	0.348384097	0.402902667	0.311413085	0.656524468	0.25379145	0	0	0	0	0	3
275	7	0	0.6875	0.354010116	0.395339808	0.311413085	0.656129696	0.261321107	0	0	0	0	0	3
280	7	0	0.7	0.359801387	0.394473017	0.311413085	0.656129696	0.262187898	0	0	0	0	0	3
285	7	0	0.7125	0.364350608	0.380663173	0.311413085	0.652612568	0.27570187	0	0	0	0	0	3
290	7	0	0.725	0.367353962	0.373531708	0.311413085	0.647319702	0.282381068	0	0	0	0	0	3
295	7	0	0.7375	0.369216945	0.366579139	0.311413085	0.636675801	0.28841759	0	0	0	0	0	3
300	7	0	0.75	0.370339991	0.359920744	0.311413085	0.617677355	0.29337965	0	0	0	0	0	3
305	7	0	0.7625	0.371283763	0.360197891	0.311413085	0.617677355	0.29337965	0	0	0	0	0	3
310	8	0	0.775	0.371788164	0.348345105	0.311413085	0.547901834	0.236488749	0	0	0	0	0	3
315	8	0	0.7875	0.37156299	0.343936634	0.311413085	0.498248146	0.186835061	0	0	0	0	0	3
320	8	0	0.8	0.370165679	0.340734573	0.311413085	0.447420524	0.136007438	0	0	0	0	0	3
325	8	0	0.8125	0.367538077	0.338737511	0.311413085	0.402959312	0.0915462263	0	0	0	0	0	3
330	8	0	0.825	0.363562826	0.339343007	0.311413085	0.402959312	0.0915462263	0	0	0	0	0	3
335	8	0	0.8375	0.358370542	0.337510826	0.311413085	0.371788164	0.0603750787	0	0	0	0	0	3
340	8	0	0.85	0.352222321	0.337743591	0.311413085	0.371788164	0.0603750787	0	0	0	0	0	3
345	8	0	0.8625	0.345191837	0.338218719	0.311413085	0.371788164	0.0603750787	0	0	0	0	0	3
350	8	0	0.875	0.33729876	0.338741796	0.311413085	0.371788164	0.0603750787	0	0	0	0	0	3
355	9	0	0.8875	0.329127978	0.338507313	0.311413085	0.371788164	0.0603750787	0	0	0	0	0	3
360	9	0	0.9	0.320902769	0.339401992	0.312461937	0.371788164	0.0593262267	0	0	0	0	0	3
365	9	0	0.9125	0.312814719	0.339410812	0.312814719	0.371788164	0.0589734448	0	0	0	0	0	3
370	9	0	0.925	0.304951184	0.339178311	0.304951184	0.371788164	0.06683698	0	0	0	0	0	3
375	9	0	0.9375	0.297000506	0.338704864	0.297000506	0.371788164	0.0747876585	0	0	0	0	0	3
380	9	0	0.95	0.289041257	0.337493556	0.289041257	0.371788164	0.082746907	0	0	0	0	0	3
385	9	0	0.9625	0.28134595	0.337093715	0.28134595	0.371788164	0.0904422146	0	0	0	0	0	3
390	9	0	0.975	0.274055487	0.336015106	0.274055487	0.371788164	0.097732677	0	0	0	0	0	3
395	10	0	0.9875	0.267185475	0.334781182	0.267185475	0.371788164	0.104602689	0	0	0	0	0	3
400	10	0	1	0.260730811	0.3333892	0.260730811	0.371788164	0.111057353	0.0593968783	0	0	0	0	3
405	10	0	1.0125	0.255145981	0.331842003	0.255145981	0.371788164	0.116642183	0.0602346029	0	0	0	0	3
410	10	0	1.025	0.250362915	0.329854708	0.250362915	0.371788164	0.121425249	0.0605933328	0	0	0	0	3
415	10	0	1.0375	0.246003357	0.328298615	0.246003357	0.371788164	0.125784807	0.0609308874	0	0	0	0	3
420	10	0	1.05	0.242184533	0.326320188	0.242184533	0.371788164	0.129603631	0.0612428705	0	0	0	0	3
425	10	0	1.0625	0.238895512	0.324212641	0.238895512	0.371788164	0.132892652	0.0615287311	0	0	0	0	3
430	10	0	1.075	0.235788821	0.322000022	0.235788821	0.371788164	0.135999343	0.061796972	0	0	0	0	3
435	11	0	1.0875	0.232860217	0.319825881	0.232860217	0.371788164	0.138927948	0.0620513285	0	0	0	0	3
440	11	0	1.1	0.229493624	0.31731093	0.229493624	0.371788164	0.125097389	0.0623052194	0	0	0	0	3
445	11	0	1.1125	0.226028693	0.314780826	0.226028693	0.371788164	0.119508129	0.0625604379	0	0	0	0	3
450	11	0	1.125	0.222569362	0.312046676	0.222569362	0.371788164	0.119883701	0.0628164964	0	0	0	0	3
455	11	0	1.1375	0.218711049	0.309074771	0.218711049	0.371788164	0.109348911	0.0630785815	0	0	0	0	3
460	11	0	1.15	0.214371923	0.306764945	0.214371923	0.371788164	0.111658736	0.0633512249	0	0	0	0	3
465	11	0	1.1625	0.209954769	0.302549224	0.209954769	0.371788164	0.100353443	0.0636323171	0	0	0	0	3
470	11	0	1.175	0.205978792	0.298989091	0.205978792	0.371788164	0.0963507169	0.0639144267	0	0	0	0	3
475	11	0	1.1875	0.202604422	0.295203949	0.202604422	0.371788164	0.0992690684	0.0641887177	0	0	0	0	3
480	12	0	1.2	0.20003564	0.291209805	0.20003564	0.371788164	0.0894533681	0.0644430358	0	0	0	0	3
485	12	0	1.2125	0.198333597	0.288944532	0.198333597	0.371788164	0.0917186415	0.0646824521	0	0	0	0	3
490	12	0	1.225	0.197076892	0.282802453	0.197076892	0.371788164	0.0837766861	0.064841006	0	0	0	0	3
495	12	0	1.2375	0.195959812	0.278471025	0.195959812	0.371788164	0.081726866	0.0649076582	0	0	0	0	3
500	12	0	1.25	0.194812894	0.274082847	0.194812894	0.371788164	0.0861150434	0.0648337588	0	0	0	0	3
505	12	0	1.2625	0.193727417	0.269643939	0.193727417	0.371788164	0.0787011665	0.0645656705	0	0	0	0	3
510	12	0	1.275	0.192573422	0.26776417	0.192573422	0.371788164	0.0805809352	0.0643298221	0	0	0	0	3
515	12	0	1.2875	0.190926952	0.260647669	0.190926952	0.370165679	0.0800869033	0.0635371419	0	0	0	0	3
520	13	0	1.3	0.188496989	0.256105952	0.188496989	0.367538077	0.0833048596	0.0625080331	0	0	0	0	3
525	13	0	1.3125	0.185647323	0.251558683	0.185647323	0.363562826	0.0878521284	0.0613115837	0	0	0	0	3
530	13	0	1.325	0.182907533	0.247042301	0.182907533	0.358370542	0.0923685107	0.0600431418	0	0	0	0	3
535	13	0	1.3375	0.180500082	0.24541932	0.180500082	0.358370542	0.0939914917	0.0593968783	0	0	0	0	3
540	13	0	1.35	0.178298215	0.238247437	0.178298215	0.345191837	0.101163375	0.0593968783	0	0	0	0	3
545	13	0	1.3625	0.176025641	0.234018282	0.176025641	0.33729876	0.10539253	0.0593968783	0	0	0	0	3
550	13	0	1.375	0.173660359	0.229927322	0.173660359	0.329127978	0.10948349	0.0593968783	0	0	0	0	3
555	13	0	1.3875	0.171270216	0.225980878	0.171270216	0.320902769	0.113429934	0.0593968783	0	0	0	0	3
560	13	0	1.4	0.169050802	0.224592339	0.169050802	0.320902769	0.114818472	0.0593968783	0	0	0	0	3
565	14	0	1.4125	0.167010921	0.218539484	0.167010921	0.304951184	0.120638827	0.0593968783	0	0	0	0	3
570	14	0	1.425	0.16465413	0.215032057	0.16465413	0.297000506	0.123672806	0.0593968783	0	0	0	0	3
575	14	0	1.4375	0.162302819	0.211664615	0.162302819	0.289041257	0.125828941	0.0593968783	0	0	0	0	3
580	14	0	1.45	0.159793447	0.20843342	0.159793447	0.28134595	0.121552502	0.0593968783	0	0	0	0	3
585	14	0	1.4625	0.157346004	0.207187385	0.157346004	0.28134595	0.123999946	0.0593968783	0	0	0	0	3
590	14	0	1.475	0.155410194	0.202367289	0.155410194	0.267185475	0.111775281	0.0593968783	0	0	0	0	3
595	14	0	1.4875	0.15341404	0.199523003	0.15341404	0.260730811	0.107316772	0.0593968783	0	0	0	0	3
600	14	0	1.5	0.151255772	0.196786127	0.151255772	0.255145981	0.103890209	0.0593968783	0	0	0	0	3
605	15	0	1.5125	0.149537802	0.194145923	0.149537802	0.250362915	0.100825113	0.0593968783	0	0	0	0	3
610	15	0	1.525	0.148187931	0.191591548	0.148187931	0.246003357	0.0978154261	0.0593968783	0	0	0	0	3
615	15	0	1.5375	0.147019369	0.189116948	0.147019369	0.242184533	0.0951651642	0.0593968783	0	0	0	0	3
620	15	0	1.55	0.146121172	0.186715364	0.146121172	0.238895512	0.0927743401	0.0593968783	0	0	0	0	3
625	15	0	1.5625	0.14518042	0.184372487	0.14518042	0.235788821	0.0906084006	0.0593968783	0	0	0	0	3
630	15	0	1.575	0.144024658	0.182078383	0.144024658	0.232860217	0.0888355588	0.0593968783	0	0	0	0	3
635	15	0	1.5875	0.142633335	0.179822711	0.142633335	0.229493624	0.0868602889	0.0593968783	0	0	0	0	3
640	15	0	1.6	0.140523959	0.177598469	0.140523959	0.226028693	0.0855047341	0.0593968783	0	0	0	0	3
645	16	0	1.6125	0.137080055	0.175374753	0.137080055	0.222569362	0.0854893075	0.0593968783	0	0	0	0	3
650	16	0	1.625	0.13197748	0.173109956	0.13197748	0.218711049	0.0867335691	0.0593968783	0	0	0	0	3
655	16	0	1.6375	0.124910764	0.170764949	0.124910764	0.214371923	0.0894611584	0.0593968783	0	0	0	0	3
660	16	0	1.65	0.116456105	0.168317054	0.116456105	0.209954769	0.0934986641	0.0593968783	0	0	0	0	3
665	16	0	1.6625	0.10785917	0.165764664	0.10785917	0.205978792	0.098119622	0.0593968783	0	0	0	0	3
670	16	0	1.675	0.100769839	0.16313444	0.100769839	0.202604422	0.101834583	0.0593968783	0	0	0	0	3
675	16	0	1.6875	0.0950633589	0.160445913	0.0950633589	0.20003564	0.104972282	0.0593968783	0	0	0	0	3
680	16	0	1.7	0.0908769716	0.157716947	0.0908769716	0.198333597	0.107456625	0.0593968783	0	0	0	0	3
685	17	0	1.7125	0.0893358335	0.154992003	0.0893358335	0.197076892	0.107741058	0.0593968783	0	0	0	0	3
690	17	0	1.725	0.0903578915	0.152324028	0.0893358335	0.195959812	0.106623978	0.0593968783	0	0	0	0	3
695	17	0	1.7375	0.0925933336	0.149739866	0.0893358335	0.194812894	0.105477061	0.0593968783	0	0	0	0	3
700	17	0	1.75	0.0941869985	0.147224218	0.0893358335	0.193727417	0.104391584	0.0593968783	0	0	0	0	3
705	17	0	1.7625	0.0948765102	0.144752945	0.0893358335	0.192573422	0.103237589	0.0593968783	0	0	0	0	3
710	17	0	1.775	0.094643505	0.142304698	0.0893358335	0.190926952	0.101591119	0.0593968783	0	0	0	0	3
715	17	0	1.7875	0.093850321	0.139877782	0.0893358335	0.188496989	0.0991611553	0.0593968783	0	0	0	0	3
720	18	0	1.8	0.0937558201	0.137509253	0.0893358335	0.185647323	0.0963114898	0.0593968783	0	0	0	0	3
725	18	0	1.8125	0.0954742323	0.135254925	0.0893358335	0.182907533	0.0935716994	0.0593968783	0	0	0	0	3
730	18	0	1.825	0.0985696599	0.133146478	0.0893358335	0.180500082	0.0911642481	0.0593968783	0	0	0	0	3
735	18	0	1.8375	0.100522851	0.131147048	0.0893358335	0.178298215	0.0889623816	0.0593968783	0	0	0	0	3
740	18	0	1.85	0.0988752962	0.129161475	0.0893358335	0.176025641	0.0866898075	0.0593968783	0	0	0	0	3
745	18	0	1.8625	0.0956784979	0.127152796	0.0893358335	0.173660359	0.0843245259	0.0593968783	0	0	0	0	3
750	18	0	1.875	0.0932836753	0.125143379	0.0893358335	0.171270216	0.0819343828	0.0593968783	0	0	0	0	3
755	18	0	1.8875	0.0929029711	0.123184198	0.0893358335	0.169050802	0.0797149686	0.0593968783	0	0	0	0	3
760	18	0	1.9	0.0925383177	0.121271386	0.0893358335	0.167010921	0.077675088	0.0593968783	0	0	0	0	3
765	19	0	1.9125	0.0918524389	0.119392424	0.0893358335	0.16465413	0.0753182967	0.0593968783	0	0	0	0	3
770	19	0	1.925	0.0913227516	0.117559139	0.0893358335	0.162302819	0.0729669858	0.0593968783	0	0	0	0	3
775	19	0	1.9375	0.0903642206	0.115760674	0.0893358335	0.159793447	0.070457614	0.0593968783	0	0	0	0	3
780	19	0	1.95	0.088564221	0.113979944	0.088564221	0.157346004	0.0687817829	0.0593968783	0	0	0	0	3
785	19	0	1.9625	0.0871412009	0.112224824	0.0871412009	0.155410194	0.068268993	0.0593968783	0	0	0	0	3
790	19	0	1.975	0.0861652397	0.1104937	0.0861652397	0.15341404	0.0672488001	0.0593968783	0	0	0	0	3
795	19	0	1.9875	0.0856202436	0.108798855	0.0856202436	0.151255772	0.0656355286	0.0593968783	0	0	0	0	3
800	19	0	2	0.085091954	0.107144759	0.085091954	0.149537802	0.0644458482	0.0593968783	0	0	0	0	3
805	19	0	2.0125	0.0844135007	0.105516652	0.0844135007	0.148187931	0.0637744299	0.0593968783	0	0	0	0	3
810	20	0	2.025	0.0836176759	0.103902395	0.0836176759	0.147019369	0.063401693	0.0593968783	0	0	0	0	3
815	20	0	2.0375	0.0824311572	0.10228769	0.0824311572	0.146121172	0.0636900143	0.0593968783	0	0	0	0	3
820	20	0	2.05	0.0804111613	0.101754116	0.0804111613	0.146121172	0.0657100102	0.0593968783	0	0	0	0	3
825	20	0	2.0625	0.077229773	0.0989461737	0.077229773	0.144024658	0.0667948847	0.0593968783	0	0	0	0	3
830	20	0	2.075	0.0741573948	0.0971994922	0.0741573948	0.142633335	0.0684759406	0.0593968783	0	0	0	0	3
835	20	0	2.0875	0.0732269797	0.0954643333	0.0732269797	0.140523959	0.0672969796	0.0593968783	0	0	0	0	3
840	20	0	2.1	0.0739061191	0.0937988873	0.0732269797	0.137080055	0.0638530749	0.0593968783	0	0	0	0	3
845	20	0	2.1125	0.0750252478	0.0933409936	0.0732269797	0.137080055	0.0638530749	0.0593968783	0	0	0	0	3
850	21	0	2.125	0.076318818	0.0908560505	0.0732269797	0.124910764	0.0516837844	0.0593968783	0	0	0	0	3
855	21	0	2.1375	0.0776154878	0.0896736686	0.0732269797	0.116456105	0.0432291252	0.0593968783	0	0	0	0	3
860	21	0	2.15	0.0785533372	0.0887260994	0.0732269797	0.10785917	0.0346321905	0.0593968783	0	0	0	0	3
865	21	0	2.1625	0.0788904196	0.0880018807	0.0732269797	0.100769839	0.0275428596	0.0593968783	0	0	0	0	3
870	21	0	2.175	0.0786434218	0.0877736256	0.0732269797	0.100769839	0.0275428596	0.0593968783	0	0	0	0	3
875	21	0	2.1875	0.078335123	0.0870305143	0.0732269797	0.100522851	0.0272958714	0.0593968783	0	0	0	0	3
880	21	0	2.2	0.07838641	0.0867182503	0.0732269797	0.100522851	0.0272958714	0.0593968783	0	0	0	0	3
885	21	0	2.2125	0.0785610758	0.0864488814	0.0732269797	0.100522851	0.0272958714	0.0593968783	0	0	0	0	3
890	21	0	2.225	0.0785965381	0.0861548475	0.0732269797	0.100522851	0.0272958714	0.0593968783	0	0	0	0	3
895	22	0	2.2375	0.0783021532	0.0859633184	0.0732269797	0.100522851	0.0272958714	0.0593968783	0	0	0	0	3
900	22	0	2.25	0.0778218518	0.0853884393	0.0732269797	0.100522851	0.0272958714	0.0593968783	0	0	0	0	3
905	22	0	2.2625	0.0773116181	0.084949317	0.0732269797	0.100522851	0.0272958714	0.0593968783	0	0	0	0	3
910	22	0	2.275	0.0767260795	0.0845013814	0.0732269797	0.100522851	0.0272958714	0.0593968783	0	0	0	0	3
915	22	0	2.2875	0.0759350541	0.0840534997	0.0732269797	0.100522851	0.0272958714	0.0593968783	0	0	0	0	3
920	22	0	2.3	0.0757227502	0.0838503107	0.0732269797	0.100522851	0.0272958714	0.0593968783	0	0	0	0	3
925	22	0	2.3125	0.075528979	0.0831040417	0.0732269797	0.100522851	0.0272958714	0.0593968783	0	0	0	0	3
930	22	0	2.325	0.0747099721	0.0825075495	0.0732269797	0.100522851	0.0272958714	0.0593968783	0	0	0	0	3
935	22	0	2.3375	0.0743587548	0.0818534471	0.0732269797	0.0988752962	0.0256483165	0.0593968783	0	0	0	0	3
940	23	0	2.35	0.0739164646	0.0812294763	0.0732269797	0.0956784979	0.0224515182	0.0593968783	0	0	0	0	3
945	23	0	2.3625	0.0733306429	0.0810368218	0.0732269797	0.0956784979	0.0224515182	0.0593968783	0	0	0	0	3
950	23	0	2.375	0.072679143	0.0801556666	0.072679143	0.0929029711	0.0202238281	0.0593968783	0	0	0	0	3
955	23	0	2.3875	0.0715397471	0.079621586	0.0715397471	0.0925383177	0.0209985706	0.0593968783	0	0	0	0	3
960	23	0	2.4	0.0699415422	0.0790566666	0.0699415422	0.0918524389	0.0219108967	0.0593968783	0	0	0	0	3
965	23	0	2.4125	0.0686445758	0.07847647	0.0686445758	0.0913227516	0.0226781757	0.0593968783	0	0	0	0	3
970	23	0	2.425	0.0676828757	0.0782132116	0.0676828757	0.0913227516	0.0236398759	0.0593968783	0	0	0	0	3
975	23	0	2.4375	0.0669577253	0.0773003107	0.0669577253	0.088564221	0.0216064957	0.0593968783	0	0	0	0	3
980	23	0	2.45	0.066356172	0.0767451095	0.066356172	0.0871412009	0.0207850289	0.0593968783	0	0	0	0	3
985	24	0	2.4625	0.0657446042	0.0762101946	0.0657446042	0.0861652397	0.0204206355	0.0593968783	0	0	0	0	3
990	24	0	2.475	0.0651753973	0.0756854485	0.0651753973	0.0856202436	0.0204448463	0.0593968783	0	0	0	0	3
995	24	0	2.4875	0.0645218004	0.0754131644	0.0645218004	0.0856202436	0.0210984432	0.0593968783	0	0	0	0	3
1000	24	0	2.5	0.0638441108	0.0746267914	0.0638441108	0.0844135007	0.02056939	0.0593968783	0	0	0	0	3
1005	24	0	2.5125	0.0631586833	0.0740954209	0.0631586833	0.0836176759	0.0204589926	0.0593968783	0	0	0	0	3
1010	24	0	2.525	0.062460624	0.0735664946	0.062460624	0.0824311572	0.0199705332	0.0593968783	0	0	0	0	3
1015	24	0	2.5375	0.0617632068	0.0730497959	0.0617632068	0.0804111613	0.0186479545	0.0593968783	0	0	0	0	3
1020	24	0	2.55	0.0610043142	0.0725646247	0.0610043142	0.0788904196	0.0178861054	0.0593968783	0	0	0	0	3
1025	25	0	2.5625	0.0601629744	0.0721379547	0.0601629744	0.0788904196	0.0187274452	0.0593968783	0	0	0	0	3
1030	25	0	2.575	0.0593868545	0.0717686912	0.0593868545	0.0788904196	0.0195035651	0.0593968783	0	0	0	0	3
1035	25	0	2.5875	0.0586649013	0.0714046393	0.0586649013	0.0788904196	0.0202255183	0.0593968783	0	0	0	0	3
1040	25	0	2.6	0.0579550568	0.0710058627	0.0579550568	0.0788904196	0.0209353628	0.0593968783	0	0	0	0	3
1045	25	0	2.6125	0.0572659036	0.0705618791	0.0572659036	0.0788904196	0.0202941714	0.0593968783	0	0	0	0	3
1050	25	0	2.625	0.0565148056	0.0700667788	0.0565148056	0.0788904196	0.0196068898	0.0593968783	0	0	0	0	3
1055	25	0	2.6375	0.0557981554	0.0695213455	0.0557981554	0.0788904196	0.019204754	0.0593968783	0	0	0	0	3
1060	25	0	2.65	0.0550930438	0.0689348381	0.0550930438	0.0788904196	0.0190670425	0.0593968783	0	0	0	0	3
1065	25	0	2.6625	0.0543807057	0.0683220953	0.0543807057	0.0786434218	0.0194515303	0.0593968783	0	0	0	0	3
1070	26	0	2.675	0.0536742098	0.067697865	0.0536742098	0.0785965381	0.0193326493	0.0593968783	0	0	0	0	3
1075	26	0	2.6875	0.0530107302	0.0670647552	0.0530107302	0.0785965381	0.0196534951	0.0593968783	0	0	0	0	3
1080	26	0	2.7	0.0521040115	0.0664076952	0.0521040115	0.0785965381	0.0200411861	0.0593968783	0	0	0	0	3
1085	26	0	2.7125	0.0505763758	0.0657080777	0.0505763758	0.0785965381	0.0204467698	0.0593968783	0	0	0	0	3
1090	26	0	2.725	0.0491735476	0.064972503	0.0491735476	0.0783021532	0.0209908154	0.0593968783	0	0	0	0	3
1095	26	0	2.7375	0.0479613845	0.0642139837	0.0479613845	0.0778218518	0.0211744556	0.0593968783	0	0	0	0	3
1100	26	0	2.75	0.0470376559	0.0634443788	0.0470376559	0.0773116181	0.0215049382	0.0593968783	0	0	0	0	3
1105	26	0	2.7625	0.0461763017	0.0626659959	0.0461763017	0.0767260795	0.0218353855	0.0593968783	0	0	0	0	3
1110	27	0	2.775	0.0449980819	0.061872796	0.0449980819	0.0759350541	0.0221807037	0.0593968783	0	0	0	0	3
1115	27	0	2.7875	0.0436408339	0.0610654405	0.0436408339	0.0757227502	0.0227848702	0.0593968783	0	0	0	0	3
1120	27	0	2.8	0.0424542951	0.0602337291	0.0424542951	0.075528979	0.0228703125	0.0593968783	0	0	0	0	3
1125	27	0	2.8125	0.0414913763	0.059382789	0.0414913763	0.0747099721	0.0231247604	0.0593968783	0	0	0	0	3
1130	27	0	2.825	0.0392940502	0.058497391	0.0392940502	0.0743587548	0.0233560561	0.0593968783	0	0	0	0	3
1135	27	0	2.8375	0.0364544307	0.0575497829	0.0364544307	0.0739164646	0.0236796934	0.0593968783	0	0	0	0	3
1140	27	0	2.85	0.035106449	0.0565795325	0.035106449	0.0733306429	0.0244572893	0.0593968783	0	0	0	0	3
1145	27	0	2.8625	0.03416548	0.0556004034	0.03416548	0.072679143	0.0245552632	0.0593968783	0	0	0	0	3
1150	27	0	2.875	0.0338259614	0.0546290739	0.0338259614	0.0715397471	0.0249925121	0.0593968783	0	0	0	0	3
1155	28	0	2.8875	0.0343104988	0.0536983427	0.0338259614	0.0699415422	0.0253583239	0.0593968783	0	0	0	0	3
1160	28	0	2.9	0.0352892504	0.0528320354	0.0338259614	0.0686445758	0.0256444346	0.0593968783	0	0	0	0	3
1165	28	0	2.9125	0.0362300587	0.0520216725	0.0338259614	0.0676828757	0.0261915392	0.0593968783	0	0	0	0	3
1170	28	0	2.925	0.0370266179	0.051255266	0.0338259614	0.0669577253	0.0260450447	0.0593968783	0	0	0	0	3
1175	28	0	2.9375	0.0375626804	0.0505203899	0.0338259614	0.066356172	0.0262247196	0.0593968783	0	0	0	0	3
1180	28	0	2.95	0.0379407678	0.0498100048	0.0338259614	0.0657446042	0.0264001898	0.0593968783	0	0	0	0	3
1185	28	0	2.9625	0.0381610913	0.049120417	0.0338259614	0.0651753973	0.0265650316	0.0593968783	0	0	0	0	3
1190	28	0	2.975	0.0382328555	0.0484468534	0.0338259614	0.0645218004	0.026966311	0.0593968783	0	0	0	0	3
1195	28	0	2.9875	0.0382051488	0.0477889371	0.0338259614	0.0638441108	0.0268378542	0.0593968783	0	0	0	0	3
1200	29	0	3	0.0380744883	0.0471446966	0.0338259614	0.0631586833	0.0269507244	0.0593968783	0	0	0	0	3
1205	29	0	3.0125	0.037835767	0.0465116237	0.0338259614	0.062460624	0.027054871	0.0593968783	0	0	0	0	3
1210	29	0	3.025	0.0375066905	0.0458877753	0.0338259614	0.0617632068	0.0271620206	0.0593968783	0	0	0	0	3
1215	29	0	3.0375	0.037140385	0.0452722048	0.0338259614	0.0610043142	0.0271783528	0.0593968783	0	0	0	0	3
1220	29	0	3.05	0.036780351	0.0446666057	0.0338259614	0.0601629744	0.026337013	0.0593968783	0	0	0	0	3
1225	29	0	3.0625	0.0364134122	0.0440728666	0.0338259614	0.0593868545	0.0255608932	0.0593968783	0	0	0	0	3
1230	29	0	3.075	0.0360249693	0.0434888195	0.0338259614	0.0586649013	0.02483894	0.0593968783	0	0	0	0	3
1235	29	0	3.0875	0.0356219459	0.0429127456	0.0338259614	0.0579550568	0.0241290954	0.0593968783	0	0	0	0	3
1240	29	0	3.1	0.0352051476	0.0423439979	0.0338259614	0.0572659036	0.0234399422	0.0593968783	0	0	0	0	3
1245	30	0	3.1125	0.0347685902	0.0417815651	0.0338259614	0.0565148056	0.0226888442	0.0593968783	0	0	0	0	3
1250	30	0	3.125	0.0343190175	0.0412266704	0.0338259614	0.0557981554	0.021972194	0.0593968783	0	0	0	0	3
1255	30	0	3.1375	0.0338699095	0.0406784642	0.0338259614	0.0550930438	0.0212670824	0.0593968783	0	0	0	0	3
1260	30	0	3.15	0.0334293424	0.0401368717	0.0334293424	0.0543807057	0.0209513633	0.0593968783	0	0	0	0	3
1265	30	0	3.1625	0.0329943334	0.0396022124	0.0329943334	0.0536742098	0.0206798764	0.0593968783	0	0	0	0	3
1270	30	0	3.175	0.032556917	0.0390742801	0.032556917	0.0530107302	0.0204538131	0.0593968783	0	0	0	0	3
1275	30	0	3.1875	0.0321149914	0.0385518866	0.0321149914	0.0521040115	0.0199890201	0.0593968783	0	0	0	0	3
1280	30	0	3.2	0.0316735526	0.0380411251	0.0316735526	0.0505763758	0.0189028232	0.0593968783	0	0	0	0	3
1285	31	0	3.2125	0.0312406052	0.0375577308	0.0312406052	0.0491735476	0.0179329424	0.0593968783	0	0	0	0	3
1290	31	0	3.225	0.0308222358	0.0370989481	0.0308222358	0.0479613845	0.0171391487	0.0593968783	0	0	0	0	3
1295	31	0	3.2375	0.0304179911	0.0366603632	0.0304179911	0.0470376559	0.0166196648	0.0593968783	0	0	0	0	3
1300	31	0	3.25	0.0300219522	0.0362349706	0.0300219522	0.0461763017	0.0161543495	0.0593968783	0	0	0	0	3
1305	31	0	3.2625	0.0296285097	0.0358212758	0.0296285097	0.0449980819	0.0153695723	0.0593968783	0	0	0	0	3
1310	31	0	3.275	0.0292365175	0.0354272367	0.0292365175	0.0436408339	0.0144043164	0.0593968783	0	0	0	0	3
1315	31	0	3.2875	0.0288501064	0.0350574685	0.0288501064	0.0424542951	0.0136041887	0.0593968783	0	0	0	0	3
1320	31	0	3.3	0.0284747519	0.03470798	0.0284747519	0.0414913763	0.0130166244	0.0593968783	0	0	0	0	3
1325	31	0	3.3125	0.0281125463	0.0343735092	0.0281125463	0.0392940502	0.0111815039	0.0593968783	0	0	0	0	3
1330	32	0	3.325	0.027760612	0.0340851732	0.027760612	0.0382328555	0.0104722436	0.0593968783	0	0	0	0	3
1335	32	0	3.3375	0.0274135846	0.0338591521	0.0274135846	0.0382328555	0.0108192709	0.0593968783	0	0	0	0	3
1340	32	0	3.35	0.0270683884	0.0336582006	0.0270683884	0.0382328555	0.0111644671	0.0593968783	0	0	0	0	3
