Iteration	CPUTime	PhysTime	Travels	Value	AvValue	MinValue	MaxValue	Delta	Criteria	Progress	dGMaxMin	CriteriaType	CriteriaVarType	CriteriaPercentage
1	0	0	0.0025	294.665049	294.665049	294.665049	294.665049	0	0	0	63.5443	0	0	3
5	0	0	0.0125	298.35988	296.512464	294.665049	298.35988	1.84741582	0	0	162.932	0	0	3
10	0	0	0.025	301.178596	298.067842	294.665049	301.178596	3.40279309	0	0	229.402	0	0	3
15	0	0	0.0375	303.208681	299.353052	294.665049	303.208681	4.68800291	0	0	271.082	0	0	3
20	0	0	0.05	304.890842	300.46061	294.665049	304.890842	5.79556103	0	0	305.822	0	0	3
25	0	0	0.0625	306.451818	301.459144	294.665049	306.451818	6.79409578	0	0	347.286	0	0	3
30	1	0	0.075	307.936337	302.384458	294.665049	307.936337	7.71940904	0	0	381.15	0	0	3
35	1	0	0.0875	309.331145	303.252794	294.665049	309.331145	8.58774498	0	0	406.92	0	0	3
40	1	0	0.1	310.613506	304.070651	294.665049	310.613506	9.40560195	0	0	432.249	0	0	3
45	1	0	0.1125	311.72858	304.836444	294.665049	311.72858	10.1713949	0	0	454.038	0	0	3
50	1	0	0.125	312.734911	305.554486	294.665049	312.734911	10.8894374	0	0	473.599	0	0	3
55	1	0	0.1375	313.663809	306.230263	294.665049	313.663809	11.5652143	0	0	492.278	0	0	3
60	1	0	0.15	314.568108	306.871636	294.665049	314.568108	12.206587	0	0	511.28	0	0	3
65	1	0	0.1625	315.43703	307.48345	294.665049	315.43703	12.8184009	0	0	531.061	0	0	3
70	2	0	0.175	316.288644	308.070463	294.665049	316.288644	13.4054139	0	0	552.231	0	0	3
75	2	0	0.1875	317.17833	308.639704	294.665049	317.17833	13.9746556	0	0	575.193	0	0	3
80	2	0	0.2	318.169192	309.200262	294.665049	318.169192	14.5352137	0	0	599.949	0	0	3
85	2	0	0.2125	319.296904	309.761187	294.665049	319.296904	15.0961382	0	0	626.653	0	0	3
90	2	0	0.225	320.506083	310.326708	294.665049	320.506083	15.6616591	0	0	655.583	0	0	3
95	2	0	0.2375	321.696788	310.895212	294.665049	321.696788	16.2301631	0	0	686.227	0	0	3
100	2	0	0.25	322.7899	311.461626	294.665049	322.7899	16.7965769	0	0	720.291	0	0	3
105	2	0	0.2625	323.712154	312.018468	294.665049	323.712154	17.3534191	0	0	755.186	0	0	3
110	3	0	0.275	324.366657	312.555346	294.665049	324.366657	17.8902969	0	0	787.117	0	0	3
115	3	0	0.2875	324.654357	313.059471	294.665049	324.654357	18.3944224	0	0	815.332	0	0	3
120	3	0	0.3	324.492819	313.516805	294.665049	324.654357	18.8517563	0	0	840.592	0	0	3
125	3	0	0.3125	323.859751	313.914611	294.665049	324.654357	19.2495619	0	0	864.339	0	0	3
130	3	0	0.325	322.807688	314.243984	294.665049	324.654357	19.5789352	0	0	887.749	0	0	3
135	3	0	0.3375	321.420335	314.500282	294.665049	324.654357	19.8352334	0	0	910.302	0	0	3
140	3	0	0.35	319.778044	314.682274	294.665049	324.654357	20.0172252	0	0	934.39	0	0	3
145	3	0	0.3625	317.946891	314.791094	294.665049	324.654357	20.1260458	0	0	955.384	0	0	3
150	4	0	0.375	315.978131	314.829386	294.665049	324.654357	20.1643373	0	0	973.794	0	0	3
155	4	0	0.3875	313.912246	314.800725	294.665049	324.654357	20.1643373	0	0	999.209	0	0	3
160	4	0	0.4	311.763856	314.708699	294.665049	324.654357	20.1643373	0	0	1026.12	0	0	3
165	4	0	0.4125	309.53937	314.55666	294.665049	324.654357	20.1643373	0	0	1053.19	0	0	3
170	4	0	0.425	307.27121	314.348504	294.665049	324.654357	20.1643373	0	0	1079.19	0	0	3
175	4	0	0.4375	304.994754	314.088678	294.665049	324.654357	20.1643373	0	0	1103.57	0	0	3
180	4	0	0.45	302.740615	313.781973	294.665049	324.654357	20.1643373	0	0	1126.65	0	0	3
185	4	0	0.4625	300.52189	313.433024	294.665049	324.654357	20.1643373	0	0	1150.15	0	0	3
190	5	0	0.475	298.327635	313.045706	294.665049	324.654357	20.1643373	0	0	1174.35	0	0	3
195	5	0	0.4875	296.158601	312.623529	294.665049	324.654357	20.1643373	0	0	1197.7	0	0	3
200	5	0	0.5	294.021562	312.169822	294.021562	324.654357	20.1643373	0	0	1221.49	0	0	3
205	5	0	0.5125	291.917536	312.10281	291.917536	324.654357	18.3169214	0	0	1243.68	0	0	3
210	5	0	0.525	289.862084	312.16347	289.862084	324.654357	15.4763344	0	0	1264.73	0	0	3
215	5	0	0.5375	287.851778	311.779547	287.851778	324.654357	14.3687762	0	0	1287.58	0	0	3
220	5	0	0.55	285.904934	311.3049	285.904934	324.654357	13.3702415	0	0	1308.5	0	0	3
225	5	0	0.5625	284.036146	310.744508	284.036146	324.654357	12.4449282	0	0	1328	0	0	3
230	6	0	0.575	282.243076	310.049351	282.243076	324.654357	12.4449282	0	0	1346.48	0	0	3
235	6	0	0.5875	280.491397	309.381183	280.491397	324.654357	10.7587353	0	0	1364.58	0	0	3
240	6	0	0.6	278.770166	308.585099	278.770166	324.654357	9.99294233	0	0	1383.97	0	0	3
245	6	0	0.6125	277.112909	307.719707	277.112909	324.654357	9.27489987	0	0	1403.23	0	0	3
250	6	0	0.625	275.597648	306.791276	275.597648	324.654357	8.59912295	0	0	1421.75	0	0	3
255	6	0	0.6375	274.224403	305.996962	274.224403	324.654357	8.83242414	0	0	1439.21	0	0	3
260	6	0	0.65	272.973468	304.765425	272.973468	324.654357	10.0639613	0	0	1456.03	0	0	3
265	6	0	0.6625	271.816535	303.674912	271.816535	324.654357	11.1544737	0	0	1474.28	0	0	3
270	6	0	0.675	270.758578	302.536661	270.758578	324.654357	12.2927253	0	0	1492.33	0	0	3
275	7	0	0.6875	269.820289	301.35271	269.820289	324.654357	13.4766764	0	0	1509.52	0	0	3
280	7	0	0.7	269.026549	300.564267	269.026549	324.654357	14.2651193	0	0	1525.68	0	0	3
285	7	0	0.7125	268.366436	298.850882	268.366436	324.654357	15.9785041	0	0	1540.84	0	0	3
290	7	0	0.725	267.842019	297.53428	267.842019	324.654357	17.2951057	0	0	1556.4	0	0	3
295	7	0	0.7375	267.446494	296.178023	267.446494	324.654357	18.6513631	0	0	1571.03	0	0	3
300	7	0	0.75	267.182501	294.787838	267.182501	324.654357	20.0415481	0	0	1584.35	0	0	3
305	7	0	0.7625	267.041015	294.111086	267.041015	324.654357	20.7182999	0	0	1597.31	0	0	3
310	8	0	0.775	266.979075	291.93637	266.979075	324.654357	22.8930161	0	0	1610.32	0	0	3
315	8	0	0.7875	266.96279	290.494081	266.96279	324.492819	24.3353053	0	0	1623.04	0	0	3
320	8	0	0.8	266.973871	289.056107	266.96279	323.859751	25.773279	0	0	1635.96	0	0	3
325	8	0	0.8125	266.98403	287.634214	266.96279	322.807688	27.195172	0	0	1648.95	0	0	3
330	8	0	0.825	266.974576	287.13032	266.96279	322.807688	27.6990656	0	0	1661.58	0	0	3
335	8	0	0.8375	266.920639	284.875894	266.920639	319.778044	29.9534922	0	0	1673.9	0	0	3
340	8	0	0.85	266.810964	283.551717	266.810964	317.946891	31.2776692	0	0	1686.01	0	0	3
345	8	0	0.8625	266.645309	282.269177	266.645309	315.978131	32.5602088	0	0	1698.01	0	0	3
350	8	0	0.875	266.425538	281.030362	266.425538	313.912246	33.7703629	0	0	1709.79	0	0	3
355	9	0	0.8875	266.143302	280.667263	266.143302	313.912246	34.133462	0	0	1721.36	0	0	3
360	9	0	0.9	265.805609	278.687183	265.805609	309.53937	35.8694773	0	0	1732.73	0	0	3
365	9	0	0.9125	265.413085	277.584025	265.413085	307.27121	36.7644787	0	0	1743.99	0	0	3
370	9	0	0.925	264.969953	276.526494	264.969953	304.994754	37.5621838	0	0	1755.1	0	0	3
375	9	0	0.9375	264.481919	275.513673	264.481919	302.740615	38.2586961	0	0	1766.08	0	0	3
380	9	0	0.95	263.950629	275.231648	263.950629	302.740615	38.5503257	0	0	1776.96	0	0	3
385	9	0	0.9625	263.377172	273.615306	263.377172	298.327635	34.9504633	0	0	1787.78	0	0	3
390	9	0	0.975	262.764743	272.726233	262.764743	296.158601	33.3938586	0	0	1798.54	0	0	3
395	10	0	0.9875	262.119119	271.875246	262.119119	294.021562	31.9024432	0	0	1809.21	0	0	3
400	10	0	1	261.445832	271.060853	261.445832	291.917536	30.4717048	9.48127877	0	1819.73	0	0	3
405	10	0	1.0125	260.747651	270.281606	260.747651	289.862084	29.1144322	9.58600584	0	1830.13	0	0	3
410	10	0	1.025	260.031213	270.031596	260.031213	289.862084	29.8308701	9.63973867	0	1840.4	0	0	3
415	10	0	1.0375	259.303517	268.822127	259.303517	285.904934	26.6014164	9.69403442	0	1850.54	0	0	3
420	10	0	1.05	258.573086	268.138831	258.573086	284.036146	25.4630602	9.74857349	0	1860.55	0	0	3
425	10	0	1.0625	257.847779	267.484122	257.847779	282.243076	24.395297	9.80305614	0	1870.5	0	0	3
430	10	0	1.075	257.14045	266.856556	257.14045	280.491397	23.350947	9.85706112	0	1880.31	0	0	3
435	11	0	1.0875	256.454031	266.602836	256.454031	280.491397	24.0373663	9.91034509	0	1890.03	0	0	3
440	11	0	1.1	255.774624	265.680734	255.774624	277.112909	21.3382848	9.96304695	0	1899.72	0	0	3
445	11	0	1.1125	255.104024	265.130512	255.104024	275.597648	20.4936245	10.015214	0	1909.22	0	0	3
450	11	0	1.125	254.446579	264.601735	254.446579	274.224403	19.7778244	10.0668092	0	1918.48	0	0	3
455	11	0	1.1375	253.792879	264.090947	253.792879	272.973468	19.1805897	10.1179376	0	1927.52	0	0	3
460	11	0	1.15	253.13784	263.823798	253.13784	272.973468	19.8356285	10.1687326	0	1936.41	0	0	3
465	11	0	1.1625	252.483216	263.111723	252.483216	270.758578	18.275363	10.2192664	0	1945.16	0	0	3
470	11	0	1.175	251.830162	262.638513	251.830162	269.820289	17.9901266	10.269578	0	1953.78	0	0	3
475	11	0	1.1875	251.177745	262.172449	251.177745	269.026549	17.8488038	10.3197056	0	1962.28	0	0	3
480	12	0	1.2	250.535883	261.710182	250.535883	268.366436	17.830553	10.3695847	0	1970.61	0	0	3
485	12	0	1.2125	249.91159	261.422412	249.91159	268.366436	18.4548465	10.4191041	0	1978.85	0	0	3
490	12	0	1.225	249.302686	260.785328	249.302686	267.446494	18.1438077	10.4681956	0	1986.95	0	0	3
495	12	0	1.2375	248.706441	260.316827	248.706441	267.182501	18.4760595	10.5168267	0	1994.85	0	0	3
500	12	0	1.25	248.121048	259.84029	248.121048	267.041015	18.9199667	10.5649852	0	2002.62	0	0	3
505	12	0	1.2625	247.542116	259.352818	247.542116	266.98403	19.4419139	10.6126924	0	2010.27	0	0	3
510	12	0	1.275	246.972041	259.050848	246.972041	266.98403	20.0119892	10.6599494	0	2017.8	0	0	3
515	12	0	1.2875	246.413399	258.338907	246.413399	266.98403	20.5706309	10.705687	0	2025.21	0	0	3
520	13	0	1.3	245.858944	257.811034	245.858944	266.98403	21.1250862	10.7471217	0	2032.5	0	0	3
525	13	0	1.3125	245.297399	257.268868	245.297399	266.974576	21.6771767	10.7822986	0	2039.66	0	0	3
530	13	0	1.325	244.723399	256.712589	244.723399	266.920639	22.19724	10.8100771	0	2046.69	0	0	3
535	13	0	1.3375	244.144108	256.406041	244.144108	266.920639	22.7765308	10.8390163	0	2053.62	0	0	3
540	13	0	1.35	243.565797	255.562046	243.565797	266.645309	23.0795127	10.8503787	0	2060.44	0	0	3
545	13	0	1.3625	242.990304	254.970671	242.990304	266.425538	23.4352339	10.8537509	0	2067.17	0	0	3
550	13	0	1.375	242.4178	254.370478	242.4178	266.143302	23.7255018	10.8494315	0	2073.79	0	0	3
555	13	0	1.3875	241.846046	253.763046	241.846046	265.805609	23.9595632	10.8377618	0	2080.24	0	0	3
560	13	0	1.4	241.28068	253.458598	241.28068	265.805609	24.5249294	10.8294716	0	2087.05	0	0	3
565	14	0	1.4125	240.71272	252.532414	240.71272	264.969953	23.99408	10.8038444	0	2094.14	0	0	3
570	14	0	1.425	240.138418	251.911626	240.138418	264.481919	23.6020474	10.7722152	0	2101.02	0	0	3
575	14	0	1.4375	239.563211	251.288658	239.563211	263.950629	23.9429897	10.7351979	0	2107.16	0	0	3
580	14	0	1.45	238.989611	250.664633	238.989611	263.377172	22.950673	10.6933825	0	2112.91	0	0	3
585	14	0	1.4625	238.413788	250.365831	238.413788	263.377172	23.2494741	10.6561617	0	2118.51	0	0	3
590	14	0	1.475	237.842432	249.41749	237.842432	262.119119	22.457756	10.6059318	0	2124.2	0	0	3
595	14	0	1.4875	237.279787	248.796507	237.279787	261.445832	22.264346	10.5522224	0	2130.86	0	0	3
600	14	0	1.5	236.72194	248.17841	236.72194	260.747651	22.1031962	10.4954004	0	2137.39	0	0	3
605	15	0	1.5125	236.166728	247.563886	236.166728	260.031213	22.4677097	10.4358614	0	2143.79	0	0	3
610	15	0	1.525	235.614703	246.953474	235.614703	259.303517	21.8686538	10.3811292	0	2150.12	0	0	3
615	15	0	1.5375	235.069018	246.347611	235.069018	258.573086	21.79122	10.3170422	0	2156.22	0	0	3
620	15	0	1.55	234.530587	245.746549	234.530587	257.847779	21.7375733	10.2513329	0	2162.1	0	0	3
625	15	0	1.5625	233.999825	245.15035	233.999825	257.14045	21.7062065	10.1843363	0	2167.84	0	0	3
630	15	0	1.575	233.478654	244.558805	233.478654	256.454031	22.0440313	10.1162401	0	2173.49	0	0	3
635	15	0	1.5875	232.980263	243.971961	232.980263	255.774624	21.7087729	10.0526323	0	2179.01	0	0	3
640	15	0	1.6	232.503276	243.390177	232.503276	255.104024	21.7403345	9.98260751	0	2184.55	0	0	3
645	16	0	1.6125	232.034464	242.813438	232.034464	254.446579	21.7882967	9.91223752	0	2190.2	0	0	3
650	16	0	1.625	231.548438	242.240985	231.548438	253.792879	21.8499621	9.84202066	0	2195.73	0	0	3
655	16	0	1.6375	231.027464	241.671849	231.027464	253.13784	22.1103759	9.77241047	0	2201.21	0	0	3
660	16	0	1.65	230.465914	241.105051	230.465914	252.483216	22.006672	9.70709744	0	2206.66	0	0	3
665	16	0	1.6625	229.856961	240.539395	229.856961	251.830162	21.9732011	9.63970395	0	2212.13	0	0	3
670	16	0	1.675	229.20317	239.97372	229.20317	251.177745	21.9745753	9.57401625	0	2217.63	0	0	3
675	16	0	1.6875	228.526756	239.407445	228.526756	250.535883	22.0091275	9.51039721	0	2223.11	0	0	3
680	16	0	1.7	227.836698	238.839966	227.836698	249.91159	22.0748916	9.48127877	0	2228.63	0	0	3
685	17	0	1.7125	227.143538	238.270764	227.143538	249.302686	22.1591482	9.48127877	0	2233.97	0	0	3
690	17	0	1.725	226.459326	237.69968	226.459326	248.706441	22.2471153	9.48127877	0	2239.14	0	0	3
695	17	0	1.7375	225.803534	237.127108	225.803534	248.121048	22.3175146	9.48127877	0	2244.25	0	0	3
700	17	0	1.75	225.189378	236.553816	225.189378	247.542116	22.3527377	9.48127877	0	2249.23	0	0	3
705	17	0	1.7625	224.619267	235.980745	224.619267	246.972041	22.3527739	9.48127877	0	2254.04	0	0	3
710	17	0	1.775	224.0834	235.408529	224.0834	246.413399	22.3299992	9.48127877	0	2258.66	0	0	3
715	17	0	1.7875	223.569177	234.837423	223.569177	245.858944	22.2897662	9.48127877	0	2263.12	0	0	3
720	18	0	1.8	223.074326	234.267808	223.074326	245.297399	22.2230736	9.48127877	0	2267.49	0	0	3
725	18	0	1.8125	222.612352	233.700681	222.612352	244.723399	22.111047	9.48127877	0	2271.79	0	0	3
730	18	0	1.825	222.198782	233.137566	222.198782	244.144108	21.9453257	9.48127877	0	2275.96	0	0	3
735	18	0	1.8375	221.829147	232.579692	221.829147	243.565797	21.7366494	9.48127877	0	2280.03	0	0	3
740	18	0	1.85	221.462489	232.027109	221.462489	242.990304	21.5278158	9.48127877	0	2284.22	0	0	3
745	18	0	1.8625	221.069067	231.479078	221.069067	242.4178	21.3487328	9.48127877	0	2289.18	0	0	3
750	18	0	1.875	220.6511	230.934911	220.6511	241.846046	21.1949462	9.48127877	0	2294.08	0	0	3
755	18	0	1.8875	220.231169	230.394539	220.231169	241.28068	21.0495103	9.48127877	0	2297.84	0	0	3
760	18	0	1.9	219.821392	229.858057	219.821392	240.71272	20.8913273	9.48127877	0	2300.98	0	0	3
765	19	0	1.9125	219.419223	229.325719	219.419223	240.138418	20.7191951	9.48127877	0	2304.74	0	0	3
770	19	0	1.925	219.024082	228.797861	219.024082	239.563211	20.5391283	9.48127877	0	2308.62	0	0	3
775	19	0	1.9375	218.64059	228.274795	218.64059	238.989611	20.349021	9.48127877	0	2312.47	0	0	3
780	19	0	1.95	218.258908	227.756528	218.258908	238.413788	20.1548797	9.48127877	0	2316.24	0	0	3
785	19	0	1.9625	217.879315	227.243166	217.879315	237.842432	19.9631172	9.48127877	0	2319.85	0	0	3
790	19	0	1.975	217.502525	226.734668	217.502525	237.279787	19.777262	9.48127877	0	2323.31	0	0	3
795	19	0	1.9875	217.128021	226.230874	217.128021	236.72194	19.5939188	9.48127877	0	2326.69	0	0	3
800	19	0	2	216.755552	225.731715	216.755552	236.166728	19.4111761	9.48127877	0	2330.03	0	0	3
805	19	0	2.0125	216.387835	225.237242	216.387835	235.614703	19.2268672	9.48127877	0	2333.33	0	0	3
810	20	0	2.025	216.02384	224.747471	216.02384	235.069018	19.0451777	9.48127877	0	2336.59	0	0	3
815	20	0	2.0375	215.666956	224.262419	215.666956	234.530587	18.8636306	9.48127877	0	2340.1	0	0	3
820	20	0	2.05	215.325627	224.044449	215.325627	234.530587	19.2049599	9.48127877	0	2343.37	0	0	3
825	20	0	2.0625	214.99911	223.307277	214.99911	233.478654	18.4795437	9.48127877	0	2346	0	0	3
830	20	0	2.075	214.68597	222.83746	214.68597	232.980263	18.2942929	9.48127877	0	2348.71	0	0	3
835	20	0	2.0875	214.400119	222.372957	214.400119	232.503276	18.1031571	9.48127877	0	2351.57	0	0	3
840	20	0	2.1	214.139974	221.913874	214.139974	232.034464	17.8944899	9.48127877	0	2354.51	0	0	3
845	20	0	2.1125	213.895322	221.7183	213.895322	232.034464	18.1391417	9.48127877	0	2357.41	0	0	3
850	21	0	2.125	213.661192	221.013214	213.661192	231.027464	17.3662723	9.48127877	0	2360.25	0	0	3
855	21	0	2.1375	213.439397	220.573513	213.439397	230.465914	17.0265172	9.48127877	0	2363.05	0	0	3
860	21	0	2.15	213.231219	220.142645	213.231219	229.856961	16.6257421	9.48127877	0	2365.84	0	0	3
865	21	0	2.1625	213.038048	219.722172	213.038048	229.20317	16.1651224	9.48127877	0	2368.56	0	0	3
870	21	0	2.175	212.856379	219.554714	212.856379	229.20317	16.3467908	9.48127877	0	2371.22	0	0	3
875	21	0	2.1875	212.68311	218.917411	212.68311	227.836698	15.153588	9.48127877	0	2373.97	0	0	3
880	21	0	2.2	212.518891	218.534466	212.518891	227.143538	14.6246472	9.48127877	0	2376.75	0	0	3
885	21	0	2.2125	212.364109	218.164981	212.364109	226.459326	14.095217	9.48127877	0	2379.45	0	0	3
890	21	0	2.225	212.218026	217.808948	212.218026	225.803534	13.5855079	9.48127877	0	2382.05	0	0	3
895	22	0	2.2375	212.079885	217.669215	212.079885	225.803534	13.7236485	9.48127877	0	2384.59	0	0	3
900	22	0	2.25	211.94774	217.134816	211.94774	224.619267	12.6715269	9.48127877	0	2387.07	0	0	3
905	22	0	2.2625	211.821955	216.814883	211.821955	224.0834	12.2614447	9.48127877	0	2389.49	0	0	3
910	22	0	2.275	211.703118	216.505376	211.703118	223.569177	11.8660596	9.48127877	0	2391.89	0	0	3
915	22	0	2.2875	211.591184	216.205926	211.591184	223.074326	11.4831414	9.48127877	0	2394.26	0	0	3
920	22	0	2.3	211.485355	216.09079	211.485355	223.074326	11.5889711	9.48127877	0	2396.64	0	0	3
925	22	0	2.3125	211.38882	215.635614	211.38882	222.198782	10.8099619	9.48127877	0	2399.01	0	0	3
930	22	0	2.325	211.296792	215.363064	211.296792	221.829147	10.5323547	9.48127877	0	2401.35	0	0	3
935	22	0	2.3375	211.210167	215.097589	211.210167	221.462489	10.2523214	9.48127877	0	2403.66	0	0	3
940	23	0	2.35	211.130468	214.839289	211.130468	221.069067	9.9385995	9.48127877	0	2405.93	0	0	3
945	23	0	2.3625	211.056229	214.747019	211.056229	221.069067	10.0128384	9.48127877	0	2408.16	0	0	3
950	23	0	2.375	210.986549	214.347354	210.986549	220.231169	9.24462015	9.48127877	0	2410.35	0	0	3
955	23	0	2.3875	210.922681	214.114642	210.922681	219.821392	8.89871147	9.48127877	0	2412.52	0	0	3
960	23	0	2.4	210.857051	213.890533	210.857051	219.419223	8.5621724	9.48127877	0	2414.65	0	0	3
965	23	0	2.4125	210.789557	213.674792	210.789557	219.024082	8.2345254	9.48127877	0	2416.76	0	0	3
970	23	0	2.425	210.722228	213.602778	210.722228	219.024082	8.3018546	9.48127877	0	2418.84	0	0	3
975	23	0	2.4375	210.654805	213.267601	210.654805	218.258908	7.60410296	9.48127877	0	2420.89	0	0	3
980	23	0	2.45	210.588605	213.075843	210.588605	217.879315	7.29070968	9.48127877	0	2422.92	0	0	3
985	24	0	2.4625	210.524932	212.891984	210.524932	217.502525	6.97759329	9.48127877	0	2424.91	0	0	3
990	24	0	2.475	210.464322	212.716029	210.464322	217.128021	6.66369904	9.48127877	0	2426.89	0	0	3
995	24	0	2.4875	210.406688	212.659703	210.406688	217.128021	6.72133306	9.48127877	0	2428.83	0	0	3
1000	24	0	2.5	210.351619	212.387897	210.351619	216.387835	6.03621637	9.48127877	0	2430.75	0	0	3
1005	24	0	2.5125	210.298422	212.235662	210.298422	216.02384	5.72541824	9.48127877	0	2432.64	0	0	3
1010	24	0	2.525	210.246803	212.091236	210.246803	215.666956	5.42015285	9.48127877	0	2434.51	0	0	3
1015	24	0	2.5375	210.196586	211.954476	210.196586	215.325627	5.12904064	9.48127877	0	2436.35	0	0	3
1020	24	0	2.55	210.147706	211.825028	210.147706	214.99911	4.85140423	9.48127877	0	2438.17	0	0	3
1025	25	0	2.5625	210.100375	211.70256	210.100375	214.68597	4.58559558	9.48127877	0	2439.97	0	0	3
1030	25	0	2.575	210.05466	211.586777	210.05466	214.400119	4.34545967	9.48127877	0	2441.75	0	0	3
1035	25	0	2.5875	210.01014	211.477028	210.01014	214.139974	4.12983392	9.48127877	0	2443.51	0	0	3
1040	25	0	2.6	209.966537	211.372692	209.966537	213.895322	3.92878503	9.48127877	0	2445.24	0	0	3
1045	25	0	2.6125	209.923759	211.273403	209.923759	213.661192	3.73743236	9.48127877	0	2446.95	0	0	3
1050	25	0	2.625	209.881622	211.178913	209.881622	213.439397	3.55777523	9.48127877	0	2448.62	0	0	3
1055	25	0	2.6375	209.840009	211.088929	209.840009	213.231219	3.39121035	9.48127877	0	2450.27	0	0	3
1060	25	0	2.65	209.79892	211.003121	209.79892	213.038048	3.23912756	9.48127877	0	2451.9	0	0	3
1065	25	0	2.6625	209.758271	210.921127	209.758271	212.856379	3.09810799	9.48127877	0	2453.51	0	0	3
1070	26	0	2.675	209.717925	210.842666	209.717925	212.68311	2.96518496	9.48127877	0	2455.1	0	0	3
1075	26	0	2.6875	209.677905	210.767535	209.677905	212.518891	2.84098644	9.48127877	0	2456.67	0	0	3
1080	26	0	2.7	209.6398	210.695558	209.6398	212.364109	2.72430921	9.48127877	0	2458.22	0	0	3
1085	26	0	2.7125	209.600802	210.626475	209.600802	212.218026	2.61722347	9.48127877	0	2459.75	0	0	3
1090	26	0	2.725	209.556548	210.559939	209.556548	212.079885	2.52333704	9.48127877	0	2461.26	0	0	3
1095	26	0	2.7375	209.508774	210.495661	209.508774	211.94774	2.43896634	9.48127877	0	2462.75	0	0	3
1100	26	0	2.75	209.457147	210.433396	209.457147	211.821955	2.36480798	9.48127877	0	2464.21	0	0	3
1105	26	0	2.7625	209.407644	210.373038	209.407644	211.703118	2.29547432	9.48127877	0	2465.66	0	0	3
1110	27	0	2.775	209.356747	210.314379	209.356747	211.591184	2.23443776	9.48127877	0	2467.1	0	0	3
1115	27	0	2.7875	209.304208	210.257204	209.304208	211.485355	2.18114625	9.48127877	0	2468.51	0	0	3
1120	27	0	2.8	209.24769	210.201263	209.24769	211.38882	2.14113023	9.48127877	0	2469.9	0	0	3
1125	27	0	2.8125	209.191566	210.146331	209.191566	211.296792	2.10522684	9.48127877	0	2471.27	0	0	3
1130	27	0	2.825	209.137621	210.092352	209.137621	211.210167	2.07254636	9.48127877	0	2472.62	0	0	3
1135	27	0	2.8375	209.07009	210.03885	209.07009	211.130468	2.06037758	9.48127877	0	2473.96	0	0	3
1140	27	0	2.85	208.995191	209.985468	208.995191	211.056229	2.06103814	9.48127877	0	2475.28	0	0	3
1145	27	0	2.8625	208.918934	209.932036	208.918934	210.986549	2.06761492	9.48127877	0	2476.58	0	0	3
1150	27	0	2.875	208.837867	209.878319	208.837867	210.922681	2.08481408	9.48127877	0	2477.86	0	0	3
1155	28	0	2.8875	208.757934	209.8242	208.757934	210.857051	2.09911663	9.48127877	0	2479.13	0	0	3
1160	28	0	2.9	208.683368	209.769858	208.683368	210.789557	2.10618927	9.48127877	0	2480.38	0	0	3
1165	28	0	2.9125	208.617801	209.715564	208.617801	210.722228	2.10442647	9.48127877	0	2481.61	0	0	3
1170	28	0	2.925	208.562663	209.661575	208.562663	210.654805	2.09214176	9.48127877	0	2482.84	0	0	3
1175	28	0	2.9375	208.516682	209.608122	208.516682	210.588605	2.07192377	9.48127877	0	2484.07	0	0	3
1180	28	0	2.95	208.477326	209.55534	208.477326	210.524932	2.04760594	9.48127877	0	2485.28	0	0	3
1185	28	0	2.9625	208.442809	209.503287	208.442809	210.464322	2.02151241	9.48127877	0	2486.46	0	0	3
1190	28	0	2.975	208.411348	209.451963	208.411348	210.406688	1.99533929	9.48127877	0	2487.61	0	0	3
1195	28	0	2.9875	208.381727	209.401339	208.381727	210.351619	1.96989229	9.48127877	0	2488.75	0	0	3
1200	29	0	3	208.35353	209.351386	208.35353	210.298422	1.94489263	9.48127877	0	2489.88	0	0	3
1205	29	0	3.0125	208.326617	209.302091	208.326617	210.246803	1.92018612	9.48127877	0	2490.99	0	0	3
1210	29	0	3.025	208.300825	209.253442	208.300825	210.196586	1.89576142	9.48127877	0	2492.08	0	0	3
1215	29	0	3.0375	208.275853	209.205423	208.275853	210.147706	1.87185294	9.48127877	0	2493.15	0	0	3
1220	29	0	3.05	208.251567	209.15802	208.251567	210.100375	1.84880793	9.48127877	0	2494.22	0	0	3
1225	29	0	3.0625	208.227973	209.11121	208.227973	210.05466	1.82668644	9.48127877	0	2495.26	0	0	3
1230	29	0	3.075	208.204998	209.064968	208.204998	210.01014	1.80514257	9.48127877	0	2496.3	0	0	3
1235	29	0	3.0875	208.182536	209.019278	208.182536	209.966537	1.78400095	9.48127877	0	2497.32	0	0	3
1240	29	0	3.1	208.160491	208.974127	208.160491	209.923759	1.76326785	9.48127877	0	2498.33	0	0	3
1245	30	0	3.1125	208.138706	208.929501	208.138706	209.881622	1.74291552	9.48127877	0	2499.32	0	0	3
1250	30	0	3.125	208.116994	208.885385	208.116994	209.840009	1.72301489	9.48127877	0	2500.3	0	0	3
1255	30	0	3.1375	208.095191	208.841765	208.095191	209.79892	1.70372943	9.48127877	0	2501.27	0	0	3
1260	30	0	3.15	208.073226	208.798622	208.073226	209.758271	1.68504528	9.48127877	0	2502.22	0	0	3
1265	30	0	3.1625	208.05113	208.755944	208.05113	209.717925	1.66679558	9.48127877	0	2503.17	0	0	3
1270	30	0	3.175	208.028961	208.71372	208.028961	209.677905	1.64894366	9.48127877	0	2504.09	0	0	3
1275	30	0	3.1875	208.006732	208.67194	208.006732	209.6398	1.63306792	9.48127877	0	2505.01	0	0	3
1280	30	0	3.2	207.984414	208.630556	207.984414	209.600802	1.61638856	9.48127877	0	2505.91	0	0	3
1285	31	0	3.2125	207.961971	208.589585	207.961971	209.556548	1.59457732	9.48127877	0	2506.8	0	0	3
1290	31	0	3.225	207.939398	208.549156	207.939398	209.508774	1.5693752	9.48127877	0	2507.68	0	0	3
1295	31	0	3.2375	207.916751	208.509356	207.916751	209.457147	1.54039637	9.48127877	0	2508.55	0	0	3
1300	31	0	3.25	207.894102	208.47028	207.894102	209.407644	1.51354114	9.48127877	0	2509.41	0	0	3
1305	31	0	3.2625	207.871499	208.431876	207.871499	209.356747	1.48524778	9.48127877	0	2510.26	0	0	3
1310	31	0	3.275	207.848945	208.394181	207.848945	209.304208	1.45526367	9.48127877	0	2511.09	0	0	3
1315	31	0	3.2875	207.826415	208.357236	207.826415	209.24769	1.42127533	9.48127877	0	2511.91	0	0	3
1320	31	0	3.3	207.803891	208.321141	207.803891	209.191566	1.38767414	9.48127877	0	2512.73	0	0	3
1325	31	0	3.3125	207.781394	208.285887	207.781394	209.137621	1.35622687	9.48127877	0	2513.53	0	0	3
1330	32	0	3.325	207.758967	208.25142	207.758967	209.07009	1.31112274	9.48127877	0	2514.32	0	0	3
1335	32	0	3.3375	207.73667	208.218085	207.73667	208.995191	1.25852064	9.48127877	0	2515.1	0	0	3
1340	32	0	3.35	207.71453	208.186068	207.71453	208.918934	1.20440383	9.48127877	0	2515.87	0	0	3
