Iteration	CPUTime	PhysTime	Travels	Value	AvValue	MinValue	MaxValue	Delta	Criteria	Progress	dGMaxMin	CriteriaType	CriteriaVarType	CriteriaPercentage
1	0	0	0.0025	101325	101325	101325	101325	0	0	0	21959.9	0	0	3
5	0	0	0.0125	101325	101325	101325	101325	1.45519152e-011	0	0	56306.6	0	0	3
10	0	0	0.025	101325	101325	101325	101325	1.45519152e-011	0	0	79277.4	0	0	3
15	0	0	0.0375	101325	101325	101325	101325	2.91038305e-011	0	0	93681.3	0	0	3
20	0	0	0.05	101325	101325	101325	101325	7.27595761e-011	0	0	109594	0	0	3
25	0	0	0.0625	101325	101325	101325	101325	1.30967237e-010	0	0	127454	0	0	3
30	1	0	0.075	104989.978	101848.568	101325	104989.978	523.568284	0	0	139108	0	0	3
35	1	0	0.0875	101635.005	101821.873	101325	104989.978	523.568284	0	0	146600	0	0	3
40	1	0	0.1	101329.89	101767.208	101325	104989.978	523.568284	0	0	151994	0	0	3
45	1	0	0.1125	101325	101722.987	101325	104989.978	523.568284	0	0	158602	0	0	3
50	1	0	0.125	101596.359	101711.476	101325	104989.978	523.568284	0	0	164470	0	0	3
55	1	0	0.1375	101363.976	101682.517	101325	104989.978	523.568284	0	0	175091	0	0	3
60	1	0	0.15	101363.976	101658.014	101325	104989.978	523.568284	0	0	184330	0	0	3
65	1	0	0.1625	101325	101634.227	101325	104989.978	523.568284	0	0	185548	0	0	3
70	2	0	0.175	101325	101613.612	101325	104989.978	523.568284	0	0	190818	0	0	3
75	2	0	0.1875	101325	101595.574	101325	104989.978	523.568284	0	0	198702	0	0	3
80	2	0	0.2	101325	101579.658	101325	104989.978	523.568284	0	0	207125	0	0	3
85	2	0	0.2125	101325	101565.51	101325	104989.978	523.568284	0	0	216056	0	0	3
90	2	0	0.225	101325	101552.852	101325	104989.978	523.568284	0	0	225467	0	0	3
95	2	0	0.2375	101325	101541.459	101325	104989.978	523.568284	0	0	235060	0	0	3
100	2	0	0.25	101325	101531.152	101325	104989.978	523.568284	0	0	244623	0	0	3
105	2	0	0.2625	101325	101521.781	101325	104989.978	523.568284	0	0	253906	0	0	3
110	3	0	0.275	101325	101513.225	101325	104989.978	523.568284	0	0	262751	0	0	3
115	3	0	0.2875	101325	101505.383	101325	104989.978	523.568284	0	0	271845	0	0	3
120	3	0	0.3	101325	101498.167	101325	104989.978	523.568284	0	0	282013	0	0	3
125	3	0	0.3125	101325	101491.507	101325	104989.978	523.568284	0	0	291389	0	0	3
130	3	0	0.325	101325	101485.34	101325	104989.978	523.568284	0	0	300080	0	0	3
135	3	0	0.3375	101325	101479.614	101325	104989.978	523.568284	0	0	308864	0	0	3
140	3	0	0.35	101325	101474.282	101325	104989.978	523.568284	0	0	317095	0	0	3
145	3	0	0.3625	101325	101469.306	101325	104989.978	523.568284	0	0	324769	0	0	3
150	4	0	0.375	101325	101464.651	101325	104989.978	523.568284	0	0	332261	0	0	3
155	4	0	0.3875	101325	101460.287	101325	104989.978	523.568284	0	0	339477	0	0	3
160	4	0	0.4	101325	101456.187	101325	104989.978	523.568284	0	0	350340	0	0	3
165	4	0	0.4125	101325	101452.329	101325	104989.978	523.568284	0	0	363316	0	0	3
170	4	0	0.425	101325	101448.691	101325	104989.978	523.568284	0	0	376551	0	0	3
175	4	0	0.4375	100483.649	101421.884	100483.649	104989.978	523.568284	0	0	390634	0	0	3
180	4	0	0.45	100120.76	101386.719	100120.76	104989.978	523.568284	0	0	404582	0	0	3
185	4	0	0.4625	99776.2952	101344.339	99776.2952	104989.978	523.568284	0	0	418420	0	0	3
190	5	0	0.475	99482.8219	101296.608	99482.8219	104989.978	551.96034	0	0	430587	0	0	3
195	5	0	0.4875	99204.8436	101244.314	99204.8436	104989.978	604.254449	0	0	441526	0	0	3
200	5	0	0.5	98933.5077	101187.953	98933.5077	104989.978	660.615575	0	0	451908	0	0	3
205	5	0	0.5125	98676.2098	101123.348	98676.2098	104989.978	725.220214	0	0	463582	0	0	3
210	5	0	0.525	98421.582	101045.721	98421.582	104989.978	802.846962	0	0	474399	0	0	3
215	5	0	0.5375	96933.6278	100935.937	96933.6278	104989.978	912.631267	0	0	484057	0	0	3
220	5	0	0.55	96765.4155	100821.947	96765.4155	104989.978	1026.62088	0	0	492296	0	0	3
225	5	0	0.5625	96662.3839	100705.382	96662.3839	104989.978	1143.18628	0	0	499436	0	0	3
230	6	0	0.575	96678.7962	100607.173	96662.3839	104989.978	1241.39569	0	0	505643	0	0	3
235	6	0	0.5875	96781.2934	100376.26	96662.3839	101596.359	1390.94846	0	0	512895	0	0	3
240	6	0	0.6	96930.3375	100266.271	96662.3839	101596.359	1456.71646	0	0	519809	0	0	3
245	6	0	0.6125	97046.4207	100159.306	96662.3839	101596.359	1552.16925	0	0	525768	0	0	3
250	6	0	0.625	97285.2618	100051.529	96662.3839	101363.976	1630.98839	0	0	530963	0	0	3
255	6	0	0.6375	97833.8508	99997.4392	96662.3839	101363.976	1685.0781	0	0	535347	0	0	3
260	6	0	0.65	98553.0983	99893.0039	96662.3839	101325	1741.2236	0	0	540345	0	0	3
265	6	0	0.6625	98992.9227	99834.7019	96662.3839	101325	1778.91036	0	0	544971	0	0	3
270	6	0	0.675	99425.5507	99787.2157	96662.3839	101325	1808.35833	0	0	549093	0	0	3
275	7	0	0.6875	99834.6767	99749.9576	96662.3839	101325	1829.70029	0	0	552540	0	0	3
280	7	0	0.7	100820.739	99776.0742	96662.3839	101325	1829.70029	0	0	555445	0	0	3
285	7	0	0.7125	101376.93	99738.6493	96662.3839	101376.93	1814.20246	0	0	562113	0	0	3
290	7	0	0.725	102237.922	99761.4724	96662.3839	102237.922	1802.80987	0	0	568494	0	0	3
295	7	0	0.7375	103050.182	99804.602	96662.3839	103050.182	1792.50229	0	0	573966	0	0	3
300	7	0	0.75	103602.158	99861.5309	96662.3839	103602.158	1783.13176	0	0	579929	0	0	3
305	7	0	0.7625	104288.11	99969.4962	96662.3839	104288.11	1783.13176	0	0	586001	0	0	3
310	8	0	0.775	104795.883	100022.381	96662.3839	104795.883	1766.73334	0	0	591717	0	0	3
315	8	0	0.7875	105317.124	100122.184	96662.3839	105317.124	1759.51803	0	0	597139	0	0	3
320	8	0	0.8	105162.882	100218.131	96662.3839	105317.124	1752.85775	0	0	602243	0	0	3
325	8	0	0.8125	105650.321	100326.264	96662.3839	105650.321	1746.69082	0	0	607006	0	0	3
330	8	0	0.825	106155.723	100468.446	96662.3839	106155.723	1746.69082	0	0	611480	0	0	3
335	8	0	0.8375	106647.944	100580.106	96662.3839	106647.944	1735.63288	0	0	615709	0	0	3
340	8	0	0.85	107091.218	100724.261	96662.3839	107091.218	1730.6568	0	0	619754	0	0	3
345	8	0	0.8625	107476.282	100878.043	96662.3839	107476.282	1726.00177	0	0	623649	0	0	3
350	8	0	0.875	107795.515	101039.806	96662.3839	107795.515	1721.63767	0	0	627343	0	0	3
355	9	0	0.8875	108012.794	101209.879	96662.3839	108012.794	1721.63767	0	0	630852	0	0	3
360	9	0	0.9	108154.363	101377.735	96662.3839	108154.363	1713.67961	0	0	634202	0	0	3
365	9	0	0.9125	108462.455	101556.171	96662.3839	108462.455	1817.52189	0	0	637451	0	0	3
370	9	0	0.925	108647.569	101739.235	96662.3839	108647.569	2000.58613	0	0	640585	0	0	3
375	9	0	0.9375	108703.336	101944.728	96662.3839	108703.336	2206.07831	0	0	643595	0	0	3
380	9	0	0.95	108685.466	102109.136	96662.3839	108703.336	2370.48656	0	0	646500	0	0	3
385	9	0	0.9625	108625.61	102380.078	96662.3839	108703.336	2641.42884	0	0	649320	0	0	3
390	9	0	0.975	108510.348	102605.766	96662.3839	108703.336	2867.11699	0	0	652067	0	0	3
395	10	0	0.9875	108337.49	102834.082	96662.3839	108703.336	3095.43315	0	0	654738	0	0	3
400	10	0	1	108123.968	103063.844	96662.3839	108703.336	3325.19465	1806.14283	54.3	657316	0	0	3
405	10	0	1.0125	107831.62	103292.729	96662.3839	108703.336	3554.0799	1806.14283	50.8	659809	0	0	3
410	10	0	1.025	107486.117	103395.007	96662.3839	108703.336	3656.35766	1806.14283	49.3	662222	0	0	3
415	10	0	1.0375	107120.134	103774.005	96662.3839	108703.336	4035.35594	1806.14283	44.7	664734	0	0	3
420	10	0	1.05	106724.76	104022.989	96662.3839	108703.336	4284.33955	1806.14283	42.1	667482	0	0	3
425	10	0	1.0625	106318.244	104264.385	96678.7962	108703.336	4525.73606	1806.14283	39.9	670195	0	0	3
430	10	0	1.075	105922.794	104495.485	96781.2934	108703.336	4756.836	1806.14283	37.9	672855	0	0	3
435	11	0	1.0875	105546.441	104521.118	96781.2934	108703.336	4782.46907	1806.14283	37.7	675512	0	0	3
440	11	0	1.1	105222.372	104921.915	97046.4207	108703.336	5183.26557	1806.14283	34.8	678186	0	0	3
445	11	0	1.1125	105142.937	105124.328	97285.2618	108703.336	5385.67847	1806.14283	33.5	680755	0	0	3
450	11	0	1.125	104897.269	105314.628	97833.8508	108703.336	5575.97864	1806.14283	32.3	683202	0	0	3
455	11	0	1.1375	104678.32	105485.74	98553.0983	108703.336	5747.09036	1806.14283	31.4	685546	0	0	3
460	11	0	1.15	104416.533	105459.661	98553.0983	108703.336	5747.09036	1806.14283	31.4	687836	0	0	3
465	11	0	1.1625	104115.023	105760.378	99425.5507	108703.336	6021.72872	1806.14283	29.9	690475	0	0	3
470	11	0	1.175	103715.998	105867.639	99834.6767	108703.336	6128.98989	1806.14283	29.4	693328	0	0	3
475	11	0	1.1875	103256.72	105953.19	100820.739	108703.336	6214.54097	1806.14283	29	696126	0	0	3
480	12	0	1.2	103113.952	106010.521	101376.93	108703.336	6271.87129	1806.14283	28.7	698891	0	0	3
485	12	0	1.2125	103089.236	105939.27	101376.93	108703.336	6271.87129	1806.14283	28.7	701624	0	0	3
490	12	0	1.225	102603.307	106062.463	102603.307	108703.336	6100.02865	1806.14283	29.6	704291	0	0	3
495	12	0	1.2375	102122.579	106039.273	102122.579	108703.336	6200.93202	1806.14283	29.1	706907	0	0	3
500	12	0	1.25	101660.837	105990.74	101660.837	108703.336	6092.96668	1806.14283	29.6	709488	0	0	3
505	12	0	1.2625	101221.56	105914.076	101221.56	108703.336	6040.0822	1806.14283	29.9	712017	0	0	3
510	12	0	1.275	100820.207	105789.835	100820.207	108703.336	6040.0822	1806.14283	29.9	714492	0	0	3
515	12	0	1.2875	100474.421	105693.617	100474.421	108703.336	5844.33204	1806.14283	30.9	716920	0	0	3
520	13	0	1.3	100181.92	105569.093	100181.92	108703.336	5736.19903	1806.14283	31.4	719303	0	0	3
525	13	0	1.3125	99907.0661	105425.511	99907.0661	108703.336	5594.0171	1806.14283	32.2	721640	0	0	3
530	13	0	1.325	99611.5525	105261.907	99611.5525	108703.336	5482.35735	1806.14283	32.9	723938	0	0	3
535	13	0	1.3375	99289.3332	105116.234	99289.3332	108703.336	5482.35735	1806.14283	32.9	726207	0	0	3
540	13	0	1.35	98928.4883	104873.873	98928.4883	108703.336	5184.41986	1806.14283	34.8	728441	0	0	3
545	13	0	1.3625	98572.3606	104651.275	98572.3606	108703.336	5022.65699	1806.14283	35.9	730636	0	0	3
550	13	0	1.375	98209.7134	104411.63	98209.7134	108703.336	4852.5841	1806.14283	37.2	732946	0	0	3
555	13	0	1.3875	97833.128	104157.139	97833.128	108703.336	4684.72805	1806.14283	38.5	735232	0	0	3
560	13	0	1.4	97416.1042	103992.723	97416.1042	108703.336	4684.72805	1806.14283	38.5	737482	0	0	3
565	14	0	1.4125	97027.8846	103602.818	97027.8846	108703.336	4323.22745	1806.14283	41.7	739712	0	0	3
570	14	0	1.425	96655.499	103303.016	96655.499	108703.336	4117.73526	1806.1732	43.8	741904	0	0	3
575	14	0	1.4375	96268.1779	102992.137	96268.1779	108685.466	3953.32701	1807.86179	45.7	744077	0	0	3
580	14	0	1.45	95875.7171	102671.894	95875.7171	108625.61	3682.38473	1811.09182	49.1	746605	0	0	3
585	14	0	1.4625	95468.128	102496.192	95468.128	108625.61	3682.38473	1815.79964	49.3	749102	0	0	3
590	14	0	1.475	95041.1453	102006.226	95041.1453	108337.49	4056.23651	1821.94514	44.9	751543	0	0	3
595	14	0	1.4875	94595.8088	101662.684	94595.8088	108123.968	4399.77853	1829.48832	41.5	753906	0	0	3
600	14	0	1.5	94140.3079	101313.093	94140.3079	107831.62	4749.37003	1838.36247	38.7	756211	0	0	3
605	15	0	1.5125	93677.565	100959.242	93677.565	107486.117	5103.2214	1848.49669	36.2	758445	0	0	3
610	15	0	1.525	93206.7614	100602.258	93206.7614	107120.134	5460.20529	1859.82977	34	760739	0	0	3
615	15	0	1.5375	92727.1161	100242.432	92727.1161	106724.76	5820.03074	1872.30892	32.1	763130	0	0	3
620	15	0	1.55	92244.3297	99880.4214	92244.3297	106318.244	6182.0415	1885.86669	30.5	765498	0	0	3
625	15	0	1.5625	91792.7902	99517.2851	91792.7902	105922.794	6545.17785	1900.32703	29	767810	0	0	3
630	15	0	1.575	91379.7609	99153.7092	91379.7609	105546.441	6908.75368	1915.50549	27.7	770053	0	0	3
635	15	0	1.5875	90999.5084	98790.0359	90999.5084	105222.372	7272.427	1931.25163	26.5	772219	0	0	3
640	15	0	1.6	90646.6901	98425.6439	90646.6901	105142.937	7636.81905	1947.44424	25.5	774309	0	0	3
645	16	0	1.6125	90347.2811	98055.7525	90347.2811	104897.269	8006.71045	1963.89249	24.5	776333	0	0	3
650	16	0	1.625	90162.8304	97687.3915	90162.8304	104678.32	8375.0714	1980.23616	23.6	778308	0	0	3
655	16	0	1.6375	90071.0227	97322.2091	90071.0227	104416.533	8740.25383	1996.20892	22.8	780269	0	0	3
660	16	0	1.65	89863.5785	96958.3852	89863.5785	104115.023	9104.07768	2012.16574	22.1	782231	0	0	3
665	16	0	1.6625	89505.355	96593.1435	89505.355	103715.998	9469.31937	2028.53426	21.4	784220	0	0	3
670	16	0	1.675	88916.5087	96223.1563	88916.5087	103256.72	9839.30659	2045.93222	20.7	786232	0	0	3
675	16	0	1.6875	88183.4001	95846.3233	88183.4001	103113.952	10216.1396	2064.69691	20.2	788244	0	0	3
680	16	0	1.7	87287.7759	95450.6689	87287.7759	103089.236	10611.794	2085.19043	19.6	790240	0	0	3
685	17	0	1.7125	86162.2389	95027.494	86162.2389	102603.307	11034.9689	2107.92682	19.1	792127	0	0	3
690	17	0	1.725	84922.5438	94585.4749	84922.5438	102122.579	11453.7979	2133.0853	18.6	793947	0	0	3
695	17	0	1.7375	83742.0788	94125.9624	83742.0788	101660.837	11864.7774	2160.39214	18.2	795728	0	0	3
700	17	0	1.75	82692.6993	93651.759	82692.6993	101221.56	12262.3171	2189.4122	17.8	797455	0	0	3
705	17	0	1.7625	81678.0524	93163.1713	81678.0524	100820.207	12626.6641	2219.97581	17.5	799123	0	0	3
710	17	0	1.775	80706.793	92660.3359	80706.793	100474.421	13033.2807	2251.90332	17.2	800734	0	0	3
715	17	0	1.7875	79792.1829	92143.28	79792.1829	100181.92	13425.8126	2284.9949	17	802289	0	0	3
720	18	0	1.8	78840.0271	91609.7326	78840.0271	99907.0661	13815.7786	2319.28399	16.7	803800	0	0	3
725	18	0	1.8125	77683.4491	91054.1422	77683.4491	99611.5525	14207.7647	2355.18705	16.5	805264	0	0	3
730	18	0	1.825	76699.9637	90481.3525	76699.9637	99289.3332	14634.8819	2392.23733	16.3	806656	0	0	3
735	18	0	1.8375	75855.787	89895.5138	75855.787	98928.4883	14978.3596	2430.07159	16.2	807983	0	0	3
740	18	0	1.85	75184.4216	89301.9122	75184.4216	98572.3606	15349.3632	2468.27402	16	809302	0	0	3
745	18	0	1.8625	74741.9424	88706.1517	74741.9424	98209.7134	15705.4786	2506.33105	15.9	810603	0	0	3
750	18	0	1.875	74239.8816	88106.9059	74239.8816	97833.128	16050.2328	2544.37658	15.8	811975	0	0	3
755	18	0	1.8875	73625.1531	87501.7065	73625.1531	97416.1042	16491.0167	2582.64913	15.6	813364	0	0	3
760	18	0	1.9	72999.0871	86891.2811	72999.0871	97027.8846	16711.5368	2621.16285	15.6	814717	0	0	3
765	19	0	1.9125	72414.2016	86275.939	72414.2016	96655.499	17027.0772	2659.82323	15.6	816055	0	0	3
770	19	0	1.925	71874.3977	85656.4115	71874.3977	96268.1779	17335.7257	2698.53293	15.5	817360	0	0	3
775	19	0	1.9375	71372.1646	85034.0112	71372.1646	95875.7171	17637.8823	2737.17909	15.5	818638	0	0	3
780	19	0	1.95	70933.4434	84410.4543	70933.4434	95468.128	18085.7376	2775.55601	15.3	819934	0	0	3
785	19	0	1.9625	70530.6873	83787.0183	70530.6873	95041.1453	18219.2081	2813.72072	15.4	821210	0	0	3
790	19	0	1.975	70120.8512	83164.011	70120.8512	94595.8088	18498.6734	2851.14091	15.4	822433	0	0	3
795	19	0	1.9875	69608.9708	82539.34	69608.9708	94140.3079	18773.7529	2888.18026	15.3	823615	0	0	3
800	19	0	2	69053.8934	81912.1797	69053.8934	93677.565	19047.0619	2924.78624	15.3	824760	0	0	3
805	19	0	2.0125	68507.19	81282.9203	68507.19	93206.7614	19319.3373	2960.86097	15.3	825871	0	0	3
810	20	0	2.025	67974.2973	80652.1087	67974.2973	92727.1161	19590.3235	2996.36115	15.2	826944	0	0	3
815	20	0	2.0375	66872.3311	80005.7391	66872.3311	92244.3297	19874.6824	3032.28287	15.2	828059	0	0	3
820	20	0	2.05	66139.9594	79667.5493	66139.9594	92244.3297	20212.8721	3068.65712	15.1	829087	0	0	3
825	20	0	2.0625	65665.4799	78699.947	65665.4799	91379.7609	20453.7622	3103.59759	15.1	830015	0	0	3
830	20	0	2.075	65083.7084	78042.5457	65083.7084	90999.5084	20747.4902	3138.08378	15.1	830950	0	0	3
835	20	0	2.0875	64404.0114	77377.6583	64404.0114	90646.6901	21047.9856	3172.39034	15	831898	0	0	3
840	20	0	2.1	63706.5291	76704.1543	63706.5291	90347.2811	21351.5982	3206.97069	15	832863	0	0	3
845	20	0	2.1125	63085.7326	76371.9977	63085.7326	90347.2811	21683.7548	3241.82024	14.9	833821	0	0	3
850	21	0	2.125	62553.8739	75332.3917	62553.8739	90071.0227	21989.8174	3276.00742	14.8	834761	0	0	3
855	21	0	2.1375	62117.181	74633.5456	62117.181	89863.5785	22324.8396	3309.73155	14.8	835687	0	0	3
860	21	0	2.15	61766.5291	73931.1194	61766.5291	89505.355	22662.0242	3342.80266	14.7	836614	0	0	3
865	21	0	2.1625	61489.7715	73230.7298	61489.7715	88916.5087	22992.4265	3374.96536	14.6	837524	0	0	3
870	21	0	2.175	61261.6348	72938.8006	61261.6348	88916.5087	23284.3557	3406.8078	14.6	838406	0	0	3
875	21	0	2.1875	61038.5395	71860.7364	61038.5395	87287.7759	23589.9325	3437.38153	14.5	839301	0	0	3
880	21	0	2.2	60806.9904	71198.7168	60806.9904	86162.2389	23828.7772	3467.64148	14.5	840199	0	0	3
885	21	0	2.2125	60596.8975	70559.5832	60596.8975	84922.5438	24025.8917	3496.85096	14.5	841080	0	0	3
890	21	0	2.225	60420.5682	69947.0339	60420.5682	83742.0788	23321.5107	3524.99842	15.1	841943	0	0	3
895	22	0	2.2375	60276.6305	69711.1704	60276.6305	83742.0788	23465.4483	3552.79533	15.1	842790	0	0	3
900	22	0	2.25	60149.2077	68796.8104	60149.2077	81678.0524	21528.8447	3578.8759	16.6	843625	0	0	3
905	22	0	2.2625	60033.3244	68255.6922	60033.3244	80706.793	20673.4685	3604.01607	17.4	844449	0	0	3
910	22	0	2.275	59931.0341	67736.2982	59931.0341	79792.1829	19861.1488	3628.3052	18.2	845262	0	0	3
915	22	0	2.2875	59842.9734	67237.568	59842.9734	78840.0271	18997.0537	3651.82498	19.2	846066	0	0	3
920	22	0	2.3	59757.2456	67055.1211	59757.2456	78840.0271	19082.7815	3675.0161	19.2	846860	0	0	3
925	22	0	2.3125	59693.8775	66310.7591	59693.8775	76699.9637	17006.0862	3697.04119	21.7	847644	0	0	3
930	22	0	2.325	59667.7407	65884.9535	59667.7407	75855.787	16188.0463	3718.23174	22.9	848416	0	0	3
935	22	0	2.3375	59643.0025	65479.6339	59643.0025	75184.4216	15541.419	3738.55502	24	849177	0	0	3
940	23	0	2.35	59627.9838	65090.723	59627.9838	74741.9424	15113.9587	3758.02818	24.8	849927	0	0	3
945	23	0	2.3625	59631.2781	64957.5658	59627.9838	74741.9424	15113.9587	3777.14404	24.9	850666	0	0	3
950	23	0	2.375	59649.236	64348.1902	59627.9838	73625.1531	13997.1693	3794.90429	27.1	851397	0	0	3
955	23	0	2.3875	59686.2836	63999.7185	59627.9838	72999.0871	13371.1033	3811.78099	28.5	852117	0	0	3
960	23	0	2.4	59725.8529	63667.8876	59627.9838	72414.2016	12786.2178	3827.83638	29.9	852827	0	0	3
965	23	0	2.4125	59744.9906	63351.1574	59627.9838	71874.3977	12246.414	3843.11329	31.3	853528	0	0	3
970	23	0	2.425	59745.1967	63263.2071	59627.9838	71874.3977	12246.414	3858.12219	31.5	854218	0	0	3
975	23	0	2.4375	59731.1786	62756.9027	59627.9838	70933.4434	11305.4597	3871.85295	34.2	854899	0	0	3
980	23	0	2.45	59712.5792	62476.3811	59627.9838	70530.6873	10902.7035	3884.81992	35.6	855570	0	0	3
985	24	0	2.4625	59699.516	62205.6018	59627.9838	70120.8512	10492.8674	3897.01782	37.1	856236	0	0	3
990	24	0	2.475	59692.3977	61944.8905	59627.9838	69608.9708	9980.98708	3908.44287	39.1	856892	0	0	3
995	24	0	2.4875	59534.3283	61886.0963	59534.3283	69608.9708	10074.6425	3919.79396	38.9	857539	0	0	3
1000	24	0	2.5	59541.6997	61455.2196	59534.3283	68507.19	8972.86169	3929.80805	43.7	858175	0	0	3
1005	24	0	2.5125	59553.4236	61231.3754	59534.3283	67974.2973	8439.96898	3939.07299	46.6	858802	0	0	3
1010	24	0	2.525	59568.5892	61021.2327	59534.3283	66872.3311	7338.00282	3947.59631	53.7	859421	0	0	3
1015	24	0	2.5375	59586.6417	60839.0905	59534.3283	66139.9594	6605.63112	3955.39228	59.8	860031	0	0	3
1020	24	0	2.55	59609.8999	60675.839	59534.3283	65665.4799	6131.15158	3963.0625	64.6	860635	0	0	3
1025	25	0	2.5625	59636.1963	60525.1069	59534.3283	65083.7084	5549.38011	3969.57252	71.5	861232	0	0	3
1030	25	0	2.575	59565.7253	60387.1573	59534.3283	64404.0114	4869.68306	3975.52652	81.6	861823	0	0	3
1035	25	0	2.5875	59501.5775	60264.5965	59501.5775	63706.5291	4204.95161	3981.00873	94.6	862404	0	0	3
1040	25	0	2.6	59443.8758	60158.0301	59443.8758	63085.7326	3641.85672	3986.12203	100	862978	0	0	3
1045	25	0	2.6125	59388.5919	60065.6016	59388.5919	62553.8739	3165.28205	3991.22033	100	863544	0	0	3
1050	25	0	2.625	59183.1928	59981.3346	59183.1928	62117.181	2933.98818	3996.15844	100	864100	0	0	3
1055	25	0	2.6375	59130.8225	59906.6756	59130.8225	61766.5291	2635.70657	4000.8436	100	864645	0	0	3
1060	25	0	2.65	59155.0404	59841.3884	59130.8225	61489.7715	2358.94896	4005.05069	100	865183	0	0	3
1065	25	0	2.6625	59179.5397	59783.6326	59130.8225	61261.6348	2130.81225	4008.5304	100	865716	0	0	3
1070	26	0	2.675	59202.95	59732.1655	59130.8225	61038.5395	1907.71698	4011.95818	100	866242	0	0	3
1075	26	0	2.6875	59224.4513	59686.8133	59130.8225	60806.9904	1676.16783	4013.52548	100	866763	0	0	3
1080	26	0	2.7	59251.1089	59647.9163	59130.8225	60596.8975	1466.07501	4013.82832	100	867276	0	0	3
1085	26	0	2.7125	59290.4627	59615.2554	59130.8225	60420.5682	1289.74565	4012.76942	100	867783	0	0	3
1090	26	0	2.725	59307.8777	59587.4381	59130.8225	60276.6305	1145.80796	4010.44275	100	868282	0	0	3
1095	26	0	2.7375	59297.4334	59562.9582	59130.8225	60149.2077	1018.38521	4008.14955	100	868775	0	0	3
1100	26	0	2.75	59328.7017	59542.4455	59130.8225	60033.3244	902.501896	4003.67766	100	869262	0	0	3
1105	26	0	2.7625	59274.7095	59523.4802	59130.8225	59931.0341	800.211565	3998.23594	100	869742	0	0	3
1110	27	0	2.775	59142.3002	59503.7618	59130.8225	59842.9734	712.1509	3991.90473	100	870217	0	0	3
1115	27	0	2.7875	59087.3029	59484.8701	59087.3029	59757.2456	669.942645	3984.70895	100	870686	0	0	3
1120	27	0	2.8	59174.8923	59470.3112	59087.3029	59745.1967	657.893768	3977.61312	100	871148	0	0	3
1125	27	0	2.8125	58928.2289	59451.17	58928.2289	59745.1967	816.967799	3968.56585	100	871605	0	0	3
1130	27	0	2.825	58916.1384	59432.38	58916.1384	59745.1967	829.058323	3958.78764	100	872056	0	0	3
1135	27	0	2.8375	58747.1233	59409.983	58747.1233	59745.1967	998.073407	3948.62987	100	872500	0	0	3
1140	27	0	2.85	58563.111	59383.3612	58563.111	59745.1967	1182.08575	3938.3474	100	872939	0	0	3
1145	27	0	2.8625	58191.1859	59347.3589	58191.1859	59745.1967	1554.01083	3928.57738	100	873374	0	0	3
1150	27	0	2.875	57933.7686	59304.4722	57933.7686	59745.1967	1811.4281	3918.07824	100	873804	0	0	3
1155	28	0	2.8875	57498.3908	59249.7749	57498.3908	59745.1967	2246.80595	3907.52875	100	874227	0	0	3
1160	28	0	2.9	57229.443	59187.3646	57229.443	59745.1967	2515.75366	3896.80628	100	874643	0	0	3
1165	28	0	2.9125	57009.4076	59118.975	57009.4076	59745.1967	2735.78915	3885.91048	100	875057	0	0	3
1170	28	0	2.925	56692.3775	59042.6545	56692.3775	59731.1786	3038.80117	3875.46498	100	875466	0	0	3
1175	28	0	2.9375	56268.8912	58956.0974	56268.8912	59712.5792	3443.68794	3864.65348	100	875869	0	0	3
1180	28	0	2.95	56193.9397	58868.1314	56193.9397	59699.516	3337.47044	3853.66539	100	876267	0	0	3
1185	28	0	2.9625	55994.6112	58775.5088	55994.6112	59692.3977	3169.38172	3842.61616	100	876653	0	0	3
1190	28	0	2.975	55980.5594	58682.7128	55980.5594	59636.1963	3203.38348	3831.23417	100	877037	0	0	3
1195	28	0	2.9875	55986.0859	58594.0067	55980.5594	59636.1963	2861.21283	3819.99535	100	877416	0	0	3
1200	29	0	3	56005.8227	58505.6098	55980.5594	59636.1963	2725.7656	3807.8641	100	877786	0	0	3
1205	29	0	3.0125	56036.3915	58417.684	55980.5594	59636.1963	2603.54869	3795.38706	100	878152	0	0	3
1210	29	0	3.025	56073.4201	58330.3048	55980.5594	59636.1963	2508.78569	3782.04372	100	878513	0	0	3
1215	29	0	3.0375	56111.0758	58243.4156	55980.5594	59636.1963	2432.42335	3768.19013	100	878870	0	0	3
1220	29	0	3.05	56147.7177	58156.8611	55980.5594	59636.1963	2368.24581	3754.07152	100	879221	0	0	3
1225	29	0	3.0625	56186.2266	58070.6118	55980.5594	59565.7253	2316.54548	3739.59517	100	879568	0	0	3
1230	29	0	3.075	56227.3783	57987.1532	55980.5594	59501.5775	2277.44331	3724.67904	100	879910	0	0	3
1235	29	0	3.0875	56269.558	57906.3527	55980.5594	59443.8758	2251.67746	3709.31506	100	880248	0	0	3
1240	29	0	3.1	56312.0896	57828.058	55980.5594	59388.5919	2237.5436	3693.57971	100	880581	0	0	3
1245	30	0	3.1125	56354.2702	57752.2	55980.5594	59328.7017	2229.13461	3677.55851	100	880910	0	0	3
1250	30	0	3.125	56394.5921	57682.485	55980.5594	59328.7017	2224.19067	3661.34048	100	881235	0	0	3
1255	30	0	3.1375	56431.8977	57615.0118	55980.5594	59328.7017	2226.37658	3645.00455	100	881555	0	0	3
1260	30	0	3.15	56466.1042	57547.7884	55980.5594	59328.7017	2235.84419	3628.61721	100	881871	0	0	3
1265	30	0	3.1625	56497.9287	57480.7482	55980.5594	59328.7017	2251.41734	3612.22151	100	882183	0	0	3
1270	30	0	3.175	56527.8638	57413.871	55980.5594	59328.7017	2272.94229	3595.82194	100	882490	0	0	3
1275	30	0	3.1875	56555.5433	57347.1483	55980.5594	59328.7017	2300.76796	3579.41133	100	882794	0	0	3
1280	30	0	3.2	56580.2817	57280.3776	55980.5594	59328.7017	2334.87777	3563.00814	100	883093	0	0	3
1285	31	0	3.2125	56753.7483	57216.9598	55980.5594	59328.7017	2370.47837	3546.64087	100	883388	0	0	3
1290	31	0	3.225	56771.482	57153.5499	55980.5594	59328.7017	2409.40833	3530.33621	100	883679	0	0	3
1295	31	0	3.2375	56786.8578	57090.7855	55980.5594	59328.7017	2451.66007	3514.10694	100	883966	0	0	3
1300	31	0	3.25	56800.7545	57027.5868	55980.5594	59274.7095	2495.89338	3497.96143	100	884250	0	0	3
1305	31	0	3.2625	56813.5307	56966.0573	55980.5594	59174.8923	2537.7045	3481.90955	100	884530	0	0	3
1310	31	0	3.275	56824.9353	56908.1232	55980.5594	59174.8923	2576.74686	3465.96148	100	884806	0	0	3
1315	31	0	3.2875	56834.5151	56851.8035	55980.5594	59174.8923	2618.50773	3450.11745	100	885078	0	0	3
1320	31	0	3.3	56842.1457	56793.4848	55980.5594	58928.2289	2657.68518	3434.43581	100	885347	0	0	3
1325	31	0	3.3125	56848.2428	56741.4852	55980.5594	58916.1384	2690.89477	3418.9237	100	885612	0	0	3
1330	32	0	3.325	56853.5004	56689.9192	55980.5594	58747.1233	2720.06374	3403.57839	100	885873	0	0	3
1335	32	0	3.3375	56858.4225	56642.7017	55980.5594	58563.111	2582.55154	3388.3972	100	886131	0	0	3
1340	32	0	3.35	56863.0173	56600.1994	55980.5594	58191.1859	2210.62646	3373.37751	100	886386	0	0	3
