Iteration	CPUTime	PhysTime	Travels	Value	AvValue	MinValue	MaxValue	Delta	Criteria	Progress	dGMaxMin	CriteriaType	CriteriaVarType	CriteriaPercentage
1	0	0	0.0025	-1.66602559e-043	-1.66602559e-043	-1.66602559e-043	-1.66602559e-043	0	0	0	0	0	0	3
5	0	0	0.0125	2.86207867e-017	1.43103933e-017	-1.66602559e-043	2.86207867e-017	1.43103933e-017	0	0	0	0	0	3
10	0	0	0.025	2.78838845e-017	1.88348904e-017	-1.66602559e-043	2.86207867e-017	1.88348904e-017	0	0	0	0	0	3
15	0	0	0.0375	2.48401813e-017	2.03362131e-017	-1.66602559e-043	2.86207867e-017	2.03362131e-017	0	0	0	0	0	3
20	0	0	0.05	2.29165185e-017	2.08522742e-017	-1.66602559e-043	2.86207867e-017	2.08522742e-017	0	0	0	0	0	3
25	0	0	0.0625	-1.22964892e-015	-1.87564591e-016	-1.22964892e-015	2.86207867e-017	2.08416865e-016	0	0	0	0	0	3
30	1	0	0.075	-4.43840357e-013	-6.35665349e-014	-4.43840357e-013	2.86207867e-017	6.35873872e-014	0	0	0	0	0	3
35	1	0	0.0875	-2.39510711e-011	-3.0495046e-012	-2.39510711e-011	2.86207867e-017	3.04952546e-012	0	0	0	0	0	3
40	1	0	0.1	-5.53508472e-010	-6.42116121e-011	-5.53508472e-010	2.86207867e-017	6.4211633e-011	0	0	0	0	0	3
45	1	0	0.1125	-7.45341589e-009	-8.0313204e-010	-7.45341589e-009	2.86207867e-017	8.0313206e-010	0	0	0	0	0	3
50	1	0	0.125	-6.85544024e-008	-6.96233844e-009	-6.85544024e-008	2.86207867e-017	6.96233846e-009	0	0	0	0	0	3
55	1	0	0.1375	-4.8434088e-007	-4.67438836e-008	-4.8434088e-007	2.86207867e-017	4.67438836e-008	0	0	0	0	0	3
60	1	0	0.15	-2.73289483e-006	-2.53370879e-007	-2.73289483e-006	2.86207867e-017	2.53370879e-007	0	0	0	0	0	3
65	1	0	0.1625	-1.29102502e-005	-1.15743369e-006	-1.29102502e-005	2.86207867e-017	1.15743369e-006	0	0	0	0	0	3
70	2	0	0.175	-5.23994619e-005	-4.5735689e-006	-5.23994619e-005	2.86207867e-017	4.5735689e-006	0	0	0	0	0	3
75	2	0	0.1875	-0.00018553159	-1.58834452e-005	-0.00018553159	2.86207867e-017	1.58834452e-005	0	0	0	0	0	3
80	2	0	0.2	-0.000580304395	-4.90846775e-005	-0.000580304395	2.86207867e-017	4.90846775e-005	0	0	0	0	0	3
85	2	0	0.2125	-0.00162231208	-0.0001364862	-0.00162231208	2.86207867e-017	0.0001364862	0	0	0	0	0	3
90	2	0	0.225	-0.0040974325	-0.000344957058	-0.0040974325	2.86207867e-017	0.000344957058	0	0	0	0	0	3
95	2	0	0.2375	-0.00939029807	-0.000797224109	-0.00939029807	2.86207867e-017	0.000797224109	0	0	0	0	0	3
100	2	0	0.25	-0.0200341993	-0.00171327055	-0.0200341993	2.86207867e-017	0.00171327055	0	0	0	0	0	3
105	2	0	0.2625	-0.0390326455	-0.00340960577	-0.0390326455	2.86207867e-017	0.00340960577	0	0	0	0	0	3
110	3	0	0.275	-0.0682898789	-0.00623048721	-0.0682898789	2.86207867e-017	0.00623048721	0	0	0	0	0	3
115	3	0	0.2875	-0.108808166	-0.0105045572	-0.108808166	2.86207867e-017	0.0105045572	0	0	0	0	0	3
120	3	0	0.3	-0.158461854	-0.016422849	-0.158461854	2.86207867e-017	0.016422849	0	0	0	0	0	3
125	3	0	0.3125	-0.209289476	-0.0238407962	-0.209289476	2.86207867e-017	0.0238407962	0	0	0	0	0	3
130	3	0	0.325	-0.253750688	-0.0323559774	-0.253750688	2.86207867e-017	0.0323559774	0	0	0	0	0	3
135	3	0	0.3375	-0.288668511	-0.0415099965	-0.288668511	2.86207867e-017	0.0415099965	0	0	0	0	0	3
140	3	0	0.35	-0.313798288	-0.0508992479	-0.313798288	2.86207867e-017	0.0508992479	0	0	0	0	0	3
145	3	0	0.3625	-0.330523305	-0.0602200498	-0.330523305	2.86207867e-017	0.0602200498	0	0	0	0	0	3
150	4	0	0.375	-0.340334318	-0.069255994	-0.340334318	2.86207867e-017	0.069255994	0	0	0	0	0	3
155	4	0	0.3875	-0.34450017	-0.0778573744	-0.34450017	2.86207867e-017	0.0778573744	0	0	0	0	0	3
160	4	0	0.4	-0.345296915	-0.0859616029	-0.345296915	2.86207867e-017	0.0859616029	0	0	0	0	0	3
165	4	0	0.4125	-0.344248063	-0.0935582635	-0.345296915	2.86207867e-017	0.0935582635	0	0	0	0	0	3
170	4	0	0.425	-0.342458789	-0.100669707	-0.345296915	2.86207867e-017	0.100669707	0	0	0	0	0	3
175	4	0	0.4375	-0.340771599	-0.107339204	-0.345296915	2.86207867e-017	0.107339204	0	0	0	0	0	3
180	4	0	0.45	-0.339538341	-0.113614856	-0.345296915	2.86207867e-017	0.113614856	0	0	0	0	0	3
185	4	0	0.4625	-0.339048493	-0.119547321	-0.345296915	2.86207867e-017	0.119547321	0	0	0	0	0	3
190	5	0	0.475	-0.339510162	-0.125187393	-0.345296915	2.86207867e-017	0.125187393	0	0	0	0	0	3
195	5	0	0.4875	-0.340167581	-0.130561898	-0.345296915	2.86207867e-017	0.130561898	0	0	0	0	0	3
200	5	0	0.5	-0.340299916	-0.13567746	-0.345296915	2.86207867e-017	0.13567746	0	0	0	0	0	3
205	5	0	0.5125	-0.339676105	-0.143962243	-0.345296915	2.86207867e-017	0.143962243	0	0	0	0	0	3
210	5	0	0.525	-0.338361687	-0.156020341	-0.345296915	2.48401813e-017	0.156020341	0	0	0	0	0	3
215	5	0	0.5375	-0.336956545	-0.164444254	-0.345296915	2.29165185e-017	0.164444254	0	0	0	0	0	3
220	5	0	0.55	-0.335388363	-0.172828964	-0.345296915	-1.22964892e-015	0.172828964	0	0	0	0	0	3
225	5	0	0.5625	-0.333512618	-0.181166779	-0.345296915	-4.43840357e-013	0.181166779	0	0	0	0	0	3
230	6	0	0.575	-0.332416445	-0.184855795	-0.345296915	-4.43840357e-013	0.184855795	0	0	0	0	0	3
235	6	0	0.5875	-0.332039153	-0.197778169	-0.345296915	-5.53508472e-010	0.197778169	0	0	0	0	0	3
240	6	0	0.6	-0.331463317	-0.206064752	-0.345296915	-7.45341589e-009	0.206064751	0	0	0	0	0	3
245	6	0	0.6125	-0.329477151	-0.21430168	-0.345296915	-6.85544024e-008	0.214301673	0	0	0	0	0	3
250	6	0	0.625	-0.324774641	-0.222421045	-0.345296915	-4.8434088e-007	0.222420998	0	0	0	0	0	3
255	6	0	0.6375	-0.319122732	-0.224779622	-0.345296915	-4.8434088e-007	0.224779576	0	0	0	0	0	3
260	6	0	0.65	-0.315491435	-0.238286318	-0.345296915	-1.29102502e-005	0.238285161	0	0	0	0	0	3
265	6	0	0.6625	-0.312579991	-0.246100495	-0.345296915	-5.23994619e-005	0.246095922	0	0	0	0	0	3
270	6	0	0.675	-0.308325903	-0.253807333	-0.345296915	-0.00018553159	0.25379145	0	0	0	0	0	3
275	7	0	0.6875	-0.302699884	-0.261370192	-0.345296915	-0.000580304395	0.261321107	0	0	0	0	0	3
280	7	0	0.7	-0.296908613	-0.262236983	-0.345296915	-0.000580304395	0.262187898	0	0	0	0	0	3
285	7	0	0.7125	-0.292359392	-0.276046827	-0.345296915	-0.0040974325	0.27570187	0	0	0	0	0	3
290	7	0	0.725	-0.289356038	-0.283178292	-0.345296915	-0.00939029807	0.282381068	0	0	0	0	0	3
295	7	0	0.7375	-0.287493055	-0.290130861	-0.345296915	-0.0200341993	0.28841759	0	0	0	0	0	3
300	7	0	0.75	-0.286370009	-0.296789256	-0.345296915	-0.0390326455	0.29337965	0	0	0	0	0	3
305	7	0	0.7625	-0.285426237	-0.296512109	-0.345296915	-0.0390326455	0.29337965	0	0	0	0	0	3
310	8	0	0.775	-0.284921836	-0.308364895	-0.345296915	-0.108808166	0.236488749	0	0	0	0	0	3
315	8	0	0.7875	-0.28514701	-0.312773366	-0.345296915	-0.158461854	0.186835061	0	0	0	0	0	3
320	8	0	0.8	-0.286544321	-0.315975427	-0.345296915	-0.209289476	0.136007438	0	0	0	0	0	3
325	8	0	0.8125	-0.289171923	-0.317972489	-0.345296915	-0.253750688	0.0915462263	0	0	0	0	0	3
330	8	0	0.825	-0.293147174	-0.317366993	-0.345296915	-0.253750688	0.0915462263	0	0	0	0	0	3
335	8	0	0.8375	-0.298339458	-0.319199174	-0.345296915	-0.284921836	0.0603750787	0	0	0	0	0	3
340	8	0	0.85	-0.304487679	-0.318966409	-0.345296915	-0.284921836	0.0603750787	0	0	0	0	0	3
345	8	0	0.8625	-0.311518163	-0.318491281	-0.345296915	-0.284921836	0.0603750787	0	0	0	0	0	3
350	8	0	0.875	-0.31941124	-0.317968204	-0.345296915	-0.284921836	0.0603750787	0	0	0	0	0	3
355	9	0	0.8875	-0.327582022	-0.318202687	-0.345296915	-0.284921836	0.0603750787	0	0	0	0	0	3
360	9	0	0.9	-0.335807231	-0.317308008	-0.344248063	-0.284921836	0.0593262267	0	0	0	0	0	3
365	9	0	0.9125	-0.343895281	-0.317299188	-0.343895281	-0.284921836	0.0589734448	0	0	0	0	0	3
370	9	0	0.925	-0.351758816	-0.317531689	-0.351758816	-0.284921836	0.06683698	0	0	0	0	0	3
375	9	0	0.9375	-0.359709494	-0.318005136	-0.359709494	-0.284921836	0.0747876585	0	0	0	0	0	3
380	9	0	0.95	-0.367668743	-0.319216444	-0.367668743	-0.284921836	0.082746907	0	0	0	0	0	3
385	9	0	0.9625	-0.37536405	-0.319616285	-0.37536405	-0.284921836	0.0904422146	0	0	0	0	0	3
390	9	0	0.975	-0.382654513	-0.320694894	-0.382654513	-0.284921836	0.097732677	0	0	0	0	0	3
395	10	0	0.9875	-0.389524525	-0.321928818	-0.389524525	-0.284921836	0.104602689	0	0	0	0	0	3
400	10	0	1	-0.395979189	-0.3233208	-0.395979189	-0.284921836	0.111057353	0.0593968783	53.4	0	0	0	3
405	10	0	1.0125	-0.401564019	-0.324867997	-0.401564019	-0.284921836	0.116642183	0.0602346029	51.6	0	0	0	3
410	10	0	1.025	-0.406347085	-0.326855292	-0.406347085	-0.284921836	0.121425249	0.0605933328	49.9	0	0	0	3
415	10	0	1.0375	-0.410706643	-0.328411385	-0.410706643	-0.284921836	0.125784807	0.0609308874	48.4	0	0	0	3
420	10	0	1.05	-0.414525467	-0.330389812	-0.414525467	-0.284921836	0.129603631	0.0612428705	47.2	0	0	0	3
425	10	0	1.0625	-0.417814488	-0.332497359	-0.417814488	-0.284921836	0.132892652	0.0615287311	46.2	0	0	0	3
430	10	0	1.075	-0.420921179	-0.334709978	-0.420921179	-0.284921836	0.135999343	0.061796972	45.4	0	0	0	3
435	11	0	1.0875	-0.423849783	-0.336884119	-0.423849783	-0.284921836	0.138927948	0.0620513285	44.6	0	0	0	3
440	11	0	1.1	-0.427216376	-0.33939907	-0.427216376	-0.284921836	0.125097389	0.0623052194	49.8	0	0	0	3
445	11	0	1.1125	-0.430681307	-0.341929174	-0.430681307	-0.284921836	0.119508129	0.0625604379	52.3	0	0	0	3
450	11	0	1.125	-0.434140638	-0.344663324	-0.434140638	-0.284921836	0.119883701	0.0628164964	52.3	0	0	0	3
455	11	0	1.1375	-0.437998951	-0.347635229	-0.437998951	-0.284921836	0.109348911	0.0630785815	57.6	0	0	0	3
460	11	0	1.15	-0.442338077	-0.349945055	-0.442338077	-0.284921836	0.111658736	0.0633512249	56.7	0	0	0	3
465	11	0	1.1625	-0.446755231	-0.354160776	-0.446755231	-0.284921836	0.100353443	0.0636323171	63.4	0	0	0	3
470	11	0	1.175	-0.450731208	-0.357720909	-0.450731208	-0.284921836	0.0963507169	0.0639144267	66.3	0	0	0	3
475	11	0	1.1875	-0.454105578	-0.361506051	-0.454105578	-0.284921836	0.0992690684	0.0641887177	64.6	0	0	0	3
480	12	0	1.2	-0.45667436	-0.365500195	-0.45667436	-0.284921836	0.0894533681	0.0644430358	72	0	0	0	3
485	12	0	1.2125	-0.458376403	-0.367765468	-0.458376403	-0.284921836	0.0917186415	0.0646824521	70.5	0	0	0	3
490	12	0	1.225	-0.459633108	-0.373907547	-0.459633108	-0.284921836	0.0837766861	0.064841006	77.3	0	0	0	3
495	12	0	1.2375	-0.460750188	-0.378238975	-0.460750188	-0.284921836	0.081726866	0.0649076582	79.4	0	0	0	3
500	12	0	1.25	-0.461897106	-0.382627153	-0.461897106	-0.284921836	0.0861150434	0.0648337588	75.2	0	0	0	3
505	12	0	1.2625	-0.462982583	-0.387066061	-0.462982583	-0.284921836	0.0787011665	0.0645656705	82	0	0	0	3
510	12	0	1.275	-0.464136578	-0.38894583	-0.464136578	-0.284921836	0.0805809352	0.0643298221	79.8	0	0	0	3
515	12	0	1.2875	-0.465783048	-0.396062331	-0.465783048	-0.286544321	0.0800869033	0.0635371419	79.3	0	0	0	3
520	13	0	1.3	-0.468213011	-0.400604048	-0.468213011	-0.289171923	0.0833048596	0.0625080331	75	0	0	0	3
525	13	0	1.3125	-0.471062677	-0.405151317	-0.471062677	-0.293147174	0.0878521284	0.0613115837	69.7	0	0	0	3
530	13	0	1.325	-0.473802467	-0.409667699	-0.473802467	-0.298339458	0.0923685107	0.0600431418	65	0	0	0	3
535	13	0	1.3375	-0.476209918	-0.41129068	-0.476209918	-0.298339458	0.0939914917	0.0593968783	63.1	0	0	0	3
540	13	0	1.35	-0.478411785	-0.418462563	-0.478411785	-0.311518163	0.101163375	0.0593968783	58.7	0	0	0	3
545	13	0	1.3625	-0.480684359	-0.422691718	-0.480684359	-0.31941124	0.10539253	0.0593968783	56.3	0	0	0	3
550	13	0	1.375	-0.483049641	-0.426782678	-0.483049641	-0.327582022	0.10948349	0.0593968783	54.2	0	0	0	3
555	13	0	1.3875	-0.485439784	-0.430729122	-0.485439784	-0.335807231	0.113429934	0.0593968783	52.3	0	0	0	3
560	13	0	1.4	-0.487659198	-0.432117661	-0.487659198	-0.335807231	0.114818472	0.0593968783	51.7	0	0	0	3
565	14	0	1.4125	-0.489699079	-0.438170516	-0.489699079	-0.351758816	0.120638827	0.0593968783	49.2	0	0	0	3
570	14	0	1.425	-0.49205587	-0.441677943	-0.49205587	-0.359709494	0.123672806	0.0593968783	48	0	0	0	3
575	14	0	1.4375	-0.494407181	-0.445045385	-0.494407181	-0.367668743	0.125828941	0.0593968783	47.2	0	0	0	3
580	14	0	1.45	-0.496916553	-0.44827658	-0.496916553	-0.37536405	0.121552502	0.0593968783	48.8	0	0	0	3
585	14	0	1.4625	-0.499363996	-0.449522615	-0.499363996	-0.37536405	0.123999946	0.0593968783	47.9	0	0	0	3
590	14	0	1.475	-0.501299806	-0.454342711	-0.501299806	-0.389524525	0.111775281	0.0593968783	53.1	0	0	0	3
595	14	0	1.4875	-0.50329596	-0.457186997	-0.50329596	-0.395979189	0.107316772	0.0593968783	55.3	0	0	0	3
600	14	0	1.5	-0.505454228	-0.459923873	-0.505454228	-0.401564019	0.103890209	0.0593968783	57.1	0	0	0	3
605	15	0	1.5125	-0.507172198	-0.462564077	-0.507172198	-0.406347085	0.100825113	0.0593968783	58.9	0	0	0	3
610	15	0	1.525	-0.508522069	-0.465118452	-0.508522069	-0.410706643	0.0978154261	0.0593968783	60.7	0	0	0	3
615	15	0	1.5375	-0.509690631	-0.467593052	-0.509690631	-0.414525467	0.0951651642	0.0593968783	62.4	0	0	0	3
620	15	0	1.55	-0.510588828	-0.469994636	-0.510588828	-0.417814488	0.0927743401	0.0593968783	64	0	0	0	3
625	15	0	1.5625	-0.51152958	-0.472337513	-0.51152958	-0.420921179	0.0906084006	0.0593968783	65.5	0	0	0	3
630	15	0	1.575	-0.512685342	-0.474631617	-0.512685342	-0.423849783	0.0888355588	0.0593968783	66.8	0	0	0	3
635	15	0	1.5875	-0.514076665	-0.476887289	-0.514076665	-0.427216376	0.0868602889	0.0593968783	68.3	0	0	0	3
640	15	0	1.6	-0.516186041	-0.479111531	-0.516186041	-0.430681307	0.0855047341	0.0593968783	69.4	0	0	0	3
645	16	0	1.6125	-0.519629945	-0.481335247	-0.519629945	-0.434140638	0.0854893075	0.0593968783	69.4	0	0	0	3
650	16	0	1.625	-0.52473252	-0.483600044	-0.52473252	-0.437998951	0.0867335691	0.0593968783	68.4	0	0	0	3
655	16	0	1.6375	-0.531799236	-0.485945051	-0.531799236	-0.442338077	0.0894611584	0.0593968783	66.3	0	0	0	3
660	16	0	1.65	-0.540253895	-0.488392946	-0.540253895	-0.446755231	0.0934986641	0.0593968783	63.5	0	0	0	3
665	16	0	1.6625	-0.54885083	-0.490945336	-0.54885083	-0.450731208	0.098119622	0.0593968783	60.5	0	0	0	3
670	16	0	1.675	-0.555940161	-0.49357556	-0.555940161	-0.454105578	0.101834583	0.0593968783	58.3	0	0	0	3
675	16	0	1.6875	-0.561646641	-0.496264087	-0.561646641	-0.45667436	0.104972282	0.0593968783	56.5	0	0	0	3
680	16	0	1.7	-0.565833028	-0.498993053	-0.565833028	-0.458376403	0.107456625	0.0593968783	55.2	0	0	0	3
685	17	0	1.7125	-0.567374166	-0.501717997	-0.567374166	-0.459633108	0.107741058	0.0593968783	55.1	0	0	0	3
690	17	0	1.725	-0.566352108	-0.504385972	-0.567374166	-0.460750188	0.106623978	0.0593968783	55.7	0	0	0	3
695	17	0	1.7375	-0.564116666	-0.506970134	-0.567374166	-0.461897106	0.105477061	0.0593968783	56.3	0	0	0	3
700	17	0	1.75	-0.562523002	-0.509485782	-0.567374166	-0.462982583	0.104391584	0.0593968783	56.8	0	0	0	3
705	17	0	1.7625	-0.56183349	-0.511957055	-0.567374166	-0.464136578	0.103237589	0.0593968783	57.5	0	0	0	3
710	17	0	1.775	-0.562066495	-0.514405302	-0.567374166	-0.465783048	0.101591119	0.0593968783	58.4	0	0	0	3
715	17	0	1.7875	-0.562859679	-0.516832218	-0.567374166	-0.468213011	0.0991611553	0.0593968783	59.8	0	0	0	3
720	18	0	1.8	-0.56295418	-0.519200747	-0.567374166	-0.471062677	0.0963114898	0.0593968783	61.6	0	0	0	3
725	18	0	1.8125	-0.561235768	-0.521455075	-0.567374166	-0.473802467	0.0935716994	0.0593968783	63.4	0	0	0	3
730	18	0	1.825	-0.55814034	-0.523563522	-0.567374166	-0.476209918	0.0911642481	0.0593968783	65.1	0	0	0	3
735	18	0	1.8375	-0.556187149	-0.525562952	-0.567374166	-0.478411785	0.0889623816	0.0593968783	66.7	0	0	0	3
740	18	0	1.85	-0.557834704	-0.527548525	-0.567374166	-0.480684359	0.0866898075	0.0593968783	68.5	0	0	0	3
745	18	0	1.8625	-0.561031502	-0.529557204	-0.567374166	-0.483049641	0.0843245259	0.0593968783	70.4	0	0	0	3
750	18	0	1.875	-0.563426325	-0.531566621	-0.567374166	-0.485439784	0.0819343828	0.0593968783	72.4	0	0	0	3
755	18	0	1.8875	-0.563807029	-0.533525802	-0.567374166	-0.487659198	0.0797149686	0.0593968783	74.5	0	0	0	3
760	18	0	1.9	-0.564171682	-0.535438614	-0.567374166	-0.489699079	0.077675088	0.0593968783	76.4	0	0	0	3
765	19	0	1.9125	-0.564857561	-0.537317576	-0.567374166	-0.49205587	0.0753182967	0.0593968783	78.8	0	0	0	3
770	19	0	1.925	-0.565387248	-0.539150861	-0.567374166	-0.494407181	0.0729669858	0.0593968783	81.4	0	0	0	3
775	19	0	1.9375	-0.566345779	-0.540949326	-0.567374166	-0.496916553	0.070457614	0.0593968783	84.3	0	0	0	3
780	19	0	1.95	-0.568145779	-0.542730056	-0.568145779	-0.499363996	0.0687817829	0.0593968783	86.3	0	0	0	3
785	19	0	1.9625	-0.569568799	-0.544485176	-0.569568799	-0.501299806	0.068268993	0.0593968783	87	0	0	0	3
790	19	0	1.975	-0.57054476	-0.5462163	-0.57054476	-0.50329596	0.0672488001	0.0593968783	88.3	0	0	0	3
795	19	0	1.9875	-0.571089756	-0.547911145	-0.571089756	-0.505454228	0.0656355286	0.0593968783	90.4	0	0	0	3
800	19	0	2	-0.571618046	-0.549565241	-0.571618046	-0.507172198	0.0644458482	0.0593968783	92.1	0	0	0	3
805	19	0	2.0125	-0.572296499	-0.551193348	-0.572296499	-0.508522069	0.0637744299	0.0593968783	93.1	0	0	0	3
810	20	0	2.025	-0.573092324	-0.552807605	-0.573092324	-0.509690631	0.063401693	0.0593968783	93.6	0	0	0	3
815	20	0	2.0375	-0.574278843	-0.55442231	-0.574278843	-0.510588828	0.0636900143	0.0593968783	93.2	0	0	0	3
820	20	0	2.05	-0.576298839	-0.554955884	-0.576298839	-0.510588828	0.0657100102	0.0593968783	90.3	0	0	0	3
825	20	0	2.0625	-0.579480227	-0.557763826	-0.579480227	-0.512685342	0.0667948847	0.0593968783	88.9	0	0	0	3
830	20	0	2.075	-0.582552605	-0.559510508	-0.582552605	-0.514076665	0.0684759406	0.0593968783	86.7	0	0	0	3
835	20	0	2.0875	-0.58348302	-0.561245667	-0.58348302	-0.516186041	0.0672969796	0.0593968783	88.2	0	0	0	3
840	20	0	2.1	-0.582803881	-0.562911113	-0.58348302	-0.519629945	0.0638530749	0.0593968783	93	0	0	0	3
845	20	0	2.1125	-0.581684752	-0.563369006	-0.58348302	-0.519629945	0.0638530749	0.0593968783	93	0	0	0	3
850	21	0	2.125	-0.580391182	-0.565853949	-0.58348302	-0.531799236	0.0516837844	0.0593968783	100	0	0	0	3
855	21	0	2.1375	-0.579094512	-0.567036331	-0.58348302	-0.540253895	0.0432291252	0.0593968783	100	0	0	0	3
860	21	0	2.15	-0.578156663	-0.567983901	-0.58348302	-0.54885083	0.0346321905	0.0593968783	100	0	0	0	3
865	21	0	2.1625	-0.57781958	-0.568708119	-0.58348302	-0.555940161	0.0275428596	0.0593968783	100	0	0	0	3
870	21	0	2.175	-0.578066578	-0.568936374	-0.58348302	-0.555940161	0.0275428596	0.0593968783	100	0	0	0	3
875	21	0	2.1875	-0.578374877	-0.569679486	-0.58348302	-0.556187149	0.0272958714	0.0593968783	100	0	0	0	3
880	21	0	2.2	-0.57832359	-0.56999175	-0.58348302	-0.556187149	0.0272958714	0.0593968783	100	0	0	0	3
885	21	0	2.2125	-0.578148924	-0.570261119	-0.58348302	-0.556187149	0.0272958714	0.0593968783	100	0	0	0	3
890	21	0	2.225	-0.578113462	-0.570555152	-0.58348302	-0.556187149	0.0272958714	0.0593968783	100	0	0	0	3
895	22	0	2.2375	-0.578407847	-0.570746682	-0.58348302	-0.556187149	0.0272958714	0.0593968783	100	0	0	0	3
900	22	0	2.25	-0.578888148	-0.571321561	-0.58348302	-0.556187149	0.0272958714	0.0593968783	100	0	0	0	3
905	22	0	2.2625	-0.579398382	-0.571760683	-0.58348302	-0.556187149	0.0272958714	0.0593968783	100	0	0	0	3
910	22	0	2.275	-0.57998392	-0.572208619	-0.58348302	-0.556187149	0.0272958714	0.0593968783	100	0	0	0	3
915	22	0	2.2875	-0.580774946	-0.5726565	-0.58348302	-0.556187149	0.0272958714	0.0593968783	100	0	0	0	3
920	22	0	2.3	-0.58098725	-0.572859689	-0.58348302	-0.556187149	0.0272958714	0.0593968783	100	0	0	0	3
925	22	0	2.3125	-0.581181021	-0.573605958	-0.58348302	-0.556187149	0.0272958714	0.0593968783	100	0	0	0	3
930	22	0	2.325	-0.582000028	-0.574202451	-0.58348302	-0.556187149	0.0272958714	0.0593968783	100	0	0	0	3
935	22	0	2.3375	-0.582351245	-0.574856553	-0.58348302	-0.557834704	0.0256483165	0.0593968783	100	0	0	0	3
940	23	0	2.35	-0.582793535	-0.575480524	-0.58348302	-0.561031502	0.0224515182	0.0593968783	100	0	0	0	3
945	23	0	2.3625	-0.583379357	-0.575673178	-0.58348302	-0.561031502	0.0224515182	0.0593968783	100	0	0	0	3
950	23	0	2.375	-0.584030857	-0.576554333	-0.584030857	-0.563807029	0.0202238281	0.0593968783	100	0	0	0	3
955	23	0	2.3875	-0.585170253	-0.577088414	-0.585170253	-0.564171682	0.0209985706	0.0593968783	100	0	0	0	3
960	23	0	2.4	-0.586768458	-0.577653333	-0.586768458	-0.564857561	0.0219108967	0.0593968783	100	0	0	0	3
965	23	0	2.4125	-0.588065424	-0.57823353	-0.588065424	-0.565387248	0.0226781757	0.0593968783	100	0	0	0	3
970	23	0	2.425	-0.589027124	-0.578496788	-0.589027124	-0.565387248	0.0236398759	0.0593968783	100	0	0	0	3
975	23	0	2.4375	-0.589752275	-0.579409689	-0.589752275	-0.568145779	0.0216064957	0.0593968783	100	0	0	0	3
980	23	0	2.45	-0.590353828	-0.57996489	-0.590353828	-0.569568799	0.0207850289	0.0593968783	100	0	0	0	3
985	24	0	2.4625	-0.590965396	-0.580499805	-0.590965396	-0.57054476	0.0204206355	0.0593968783	100	0	0	0	3
990	24	0	2.475	-0.591534603	-0.581024551	-0.591534603	-0.571089756	0.0204448463	0.0593968783	100	0	0	0	3
995	24	0	2.4875	-0.5921882	-0.581296836	-0.5921882	-0.571089756	0.0210984432	0.0593968783	100	0	0	0	3
1000	24	0	2.5	-0.592865889	-0.582083209	-0.592865889	-0.572296499	0.02056939	0.0593968783	100	0	0	0	3
1005	24	0	2.5125	-0.593551317	-0.582614579	-0.593551317	-0.573092324	0.0204589926	0.0593968783	100	0	0	0	3
1010	24	0	2.525	-0.594249376	-0.583143505	-0.594249376	-0.574278843	0.0199705332	0.0593968783	100	0	0	0	3
1015	24	0	2.5375	-0.594946793	-0.583660204	-0.594946793	-0.576298839	0.0186479545	0.0593968783	100	0	0	0	3
1020	24	0	2.55	-0.595705686	-0.584145375	-0.595705686	-0.57781958	0.0178861054	0.0593968783	100	0	0	0	3
1025	25	0	2.5625	-0.596547026	-0.584572045	-0.596547026	-0.57781958	0.0187274452	0.0593968783	100	0	0	0	3
1030	25	0	2.575	-0.597323145	-0.584941309	-0.597323145	-0.57781958	0.0195035651	0.0593968783	100	0	0	0	3
1035	25	0	2.5875	-0.598045099	-0.585305361	-0.598045099	-0.57781958	0.0202255183	0.0593968783	100	0	0	0	3
1040	25	0	2.6	-0.598754943	-0.585704137	-0.598754943	-0.57781958	0.0209353628	0.0593968783	100	0	0	0	3
1045	25	0	2.6125	-0.599444096	-0.586148121	-0.599444096	-0.57781958	0.0202941714	0.0593968783	100	0	0	0	3
1050	25	0	2.625	-0.600195194	-0.586643221	-0.600195194	-0.57781958	0.0196068898	0.0593968783	100	0	0	0	3
1055	25	0	2.6375	-0.600911845	-0.587188655	-0.600911845	-0.57781958	0.019204754	0.0593968783	100	0	0	0	3
1060	25	0	2.65	-0.601616956	-0.587775162	-0.601616956	-0.57781958	0.0190670425	0.0593968783	100	0	0	0	3
1065	25	0	2.6625	-0.602329294	-0.588387905	-0.602329294	-0.578066578	0.0194515303	0.0593968783	100	0	0	0	3
1070	26	0	2.675	-0.60303579	-0.589012135	-0.60303579	-0.578113462	0.0193326493	0.0593968783	100	0	0	0	3
1075	26	0	2.6875	-0.60369927	-0.589645245	-0.60369927	-0.578113462	0.0196534951	0.0593968783	100	0	0	0	3
1080	26	0	2.7	-0.604605989	-0.590302305	-0.604605989	-0.578113462	0.0200411861	0.0593968783	100	0	0	0	3
1085	26	0	2.7125	-0.606133624	-0.591001922	-0.606133624	-0.578113462	0.0204467698	0.0593968783	100	0	0	0	3
1090	26	0	2.725	-0.607536452	-0.591737497	-0.607536452	-0.578407847	0.0209908154	0.0593968783	100	0	0	0	3
1095	26	0	2.7375	-0.608748616	-0.592496016	-0.608748616	-0.578888148	0.0211744556	0.0593968783	100	0	0	0	3
1100	26	0	2.75	-0.609672344	-0.593265621	-0.609672344	-0.579398382	0.0215049382	0.0593968783	100	0	0	0	3
1105	26	0	2.7625	-0.610533698	-0.594044004	-0.610533698	-0.57998392	0.0218353855	0.0593968783	100	0	0	0	3
1110	27	0	2.775	-0.611711918	-0.594837204	-0.611711918	-0.580774946	0.0221807037	0.0593968783	100	0	0	0	3
1115	27	0	2.7875	-0.613069166	-0.59564456	-0.613069166	-0.58098725	0.0227848702	0.0593968783	100	0	0	0	3
1120	27	0	2.8	-0.614255705	-0.596476271	-0.614255705	-0.581181021	0.0228703125	0.0593968783	100	0	0	0	3
1125	27	0	2.8125	-0.615218624	-0.597327211	-0.615218624	-0.582000028	0.0231247604	0.0593968783	100	0	0	0	3
1130	27	0	2.825	-0.61741595	-0.598212609	-0.61741595	-0.582351245	0.0233560561	0.0593968783	100	0	0	0	3
1135	27	0	2.8375	-0.620255569	-0.599160217	-0.620255569	-0.582793535	0.0236796934	0.0593968783	100	0	0	0	3
1140	27	0	2.85	-0.621603551	-0.600130468	-0.621603551	-0.583379357	0.0244572893	0.0593968783	100	0	0	0	3
1145	27	0	2.8625	-0.62254452	-0.601109597	-0.62254452	-0.584030857	0.0245552632	0.0593968783	100	0	0	0	3
1150	27	0	2.875	-0.622884039	-0.602080926	-0.622884039	-0.585170253	0.0249925121	0.0593968783	100	0	0	0	3
1155	28	0	2.8875	-0.622399501	-0.603011657	-0.622884039	-0.586768458	0.0253583239	0.0593968783	100	0	0	0	3
1160	28	0	2.9	-0.62142075	-0.603877965	-0.622884039	-0.588065424	0.0256444346	0.0593968783	100	0	0	0	3
1165	28	0	2.9125	-0.620479941	-0.604688328	-0.622884039	-0.589027124	0.0261915392	0.0593968783	100	0	0	0	3
1170	28	0	2.925	-0.619683382	-0.605454734	-0.622884039	-0.589752275	0.0260450447	0.0593968783	100	0	0	0	3
1175	28	0	2.9375	-0.61914732	-0.60618961	-0.622884039	-0.590353828	0.0262247196	0.0593968783	100	0	0	0	3
1180	28	0	2.95	-0.618769232	-0.606899995	-0.622884039	-0.590965396	0.0264001898	0.0593968783	100	0	0	0	3
1185	28	0	2.9625	-0.618548909	-0.607589583	-0.622884039	-0.591534603	0.0265650316	0.0593968783	100	0	0	0	3
1190	28	0	2.975	-0.618477144	-0.608263147	-0.622884039	-0.5921882	0.026966311	0.0593968783	100	0	0	0	3
1195	28	0	2.9875	-0.618504851	-0.608921063	-0.622884039	-0.592865889	0.0268378542	0.0593968783	100	0	0	0	3
1200	29	0	3	-0.618635512	-0.609565303	-0.622884039	-0.593551317	0.0269507244	0.0593968783	100	0	0	0	3
1205	29	0	3.0125	-0.618874233	-0.610198376	-0.622884039	-0.594249376	0.027054871	0.0593968783	100	0	0	0	3
1210	29	0	3.025	-0.61920331	-0.610822225	-0.622884039	-0.594946793	0.0271620206	0.0593968783	100	0	0	0	3
1215	29	0	3.0375	-0.619569615	-0.611437795	-0.622884039	-0.595705686	0.0271783528	0.0593968783	100	0	0	0	3
1220	29	0	3.05	-0.619929649	-0.612043394	-0.622884039	-0.596547026	0.026337013	0.0593968783	100	0	0	0	3
1225	29	0	3.0625	-0.620296588	-0.612637133	-0.622884039	-0.597323145	0.0255608932	0.0593968783	100	0	0	0	3
1230	29	0	3.075	-0.620685031	-0.61322118	-0.622884039	-0.598045099	0.02483894	0.0593968783	100	0	0	0	3
1235	29	0	3.0875	-0.621088054	-0.613797254	-0.622884039	-0.598754943	0.0241290954	0.0593968783	100	0	0	0	3
1240	29	0	3.1	-0.621504852	-0.614366002	-0.622884039	-0.599444096	0.0234399422	0.0593968783	100	0	0	0	3
1245	30	0	3.1125	-0.62194141	-0.614928435	-0.622884039	-0.600195194	0.0226888442	0.0593968783	100	0	0	0	3
1250	30	0	3.125	-0.622390982	-0.61548333	-0.622884039	-0.600911845	0.021972194	0.0593968783	100	0	0	0	3
1255	30	0	3.1375	-0.62284009	-0.616031536	-0.622884039	-0.601616956	0.0212670824	0.0593968783	100	0	0	0	3
1260	30	0	3.15	-0.623280658	-0.616573128	-0.623280658	-0.602329294	0.0209513633	0.0593968783	100	0	0	0	3
1265	30	0	3.1625	-0.623715667	-0.617107788	-0.623715667	-0.60303579	0.0206798764	0.0593968783	100	0	0	0	3
1270	30	0	3.175	-0.624153083	-0.61763572	-0.624153083	-0.60369927	0.0204538131	0.0593968783	100	0	0	0	3
1275	30	0	3.1875	-0.624595009	-0.618158113	-0.624595009	-0.604605989	0.0199890201	0.0593968783	100	0	0	0	3
1280	30	0	3.2	-0.625036447	-0.618668875	-0.625036447	-0.606133624	0.0189028232	0.0593968783	100	0	0	0	3
1285	31	0	3.2125	-0.625469395	-0.619152269	-0.625469395	-0.607536452	0.0179329424	0.0593968783	100	0	0	0	3
1290	31	0	3.225	-0.625887764	-0.619611052	-0.625887764	-0.608748616	0.0171391487	0.0593968783	100	0	0	0	3
1295	31	0	3.2375	-0.626292009	-0.620049637	-0.626292009	-0.609672344	0.0166196648	0.0593968783	100	0	0	0	3
1300	31	0	3.25	-0.626688048	-0.620475029	-0.626688048	-0.610533698	0.0161543495	0.0593968783	100	0	0	0	3
1305	31	0	3.2625	-0.62708149	-0.620888724	-0.62708149	-0.611711918	0.0153695723	0.0593968783	100	0	0	0	3
1310	31	0	3.275	-0.627473482	-0.621282763	-0.627473482	-0.613069166	0.0144043164	0.0593968783	100	0	0	0	3
1315	31	0	3.2875	-0.627859894	-0.621652531	-0.627859894	-0.614255705	0.0136041887	0.0593968783	100	0	0	0	3
1320	31	0	3.3	-0.628235248	-0.62200202	-0.628235248	-0.615218624	0.0130166244	0.0593968783	100	0	0	0	3
1325	31	0	3.3125	-0.628597454	-0.622336491	-0.628597454	-0.61741595	0.0111815039	0.0593968783	100	0	0	0	3
1330	32	0	3.325	-0.628949388	-0.622624827	-0.628949388	-0.618477144	0.0104722436	0.0593968783	100	0	0	0	3
1335	32	0	3.3375	-0.629296415	-0.622850848	-0.629296415	-0.618477144	0.0108192709	0.0593968783	100	0	0	0	3
1340	32	0	3.35	-0.629641612	-0.623051799	-0.629641612	-0.618477144	0.0111644671	0.0593968783	100	0	0	0	3
